98,13,371,10,372,41,98,44
528,23,547,22,576,22,599,20,635,24,654,23,676,23,678,40,656,39,634,40,599,37,577,39,546,38,527,40
514,43,537,42,563,41,604,41,624,41,652,42,676,42,676,55,653,54,624,54,604,54,563,54,537,55,513,56
99,49,117,49,154,48,179,49,216,49,247,49,271,49,270,63,247,63,216,62,179,62,154,62,117,62,99,62
297,94,364,97,363,111,297,108
279,113,717,113,717,139,279,139
283,151,300,150,332,150,370,150,402,151,431,151,454,151,454,166,430,166,402,166,369,165,332,165,301,165,283,166
279,171,438,171,438,195,279,195
283,205,453,208,453,223,283,220
378,222,736,222,736,262,378,262
280,229,315,229,315,250,280,250
288,264,315,263,336,261,371,263,408,263,441,263,468,263,468,277,441,277,408,277,371,277,336,276,315,277,288,278
279,283,637,283,637,307,279,307
283,322,482,322,482,338,283,338
497,322,513,321,532,321,557,321,570,323,595,323,608,324,607,337,594,336,570,336,557,335,532,335,513,335,498,335
279,342,441,342,441,366,279,366
502,341,664,341,664,365,502,365
509,376,536,376,586,376,629,377,666,379,704,376,731,374,731,389,704,391,666,394,629,393,586,391,536,392,509,392
364,378,453,378,453,393,364,393
506,400,738,400,738,423,506,423
279,403,472,403,472,423,279,423
573,417,579,417,579,426,573,426
282,434,692,434,692,458,282,458
