97,13,373,13,373,45,97,45
529,20,673,20,673,40,529,40
514,45,537,43,563,42,595,41,624,42,660,42,683,43,683,56,660,55,624,55,595,54,563,55,537,56,513,58
100,49,119,48,155,47,185,48,216,47,248,48,274,49,274,65,248,65,216,64,184,64,155,64,118,65,99,65
309,96,363,96,363,110,309,110
279,115,717,115,717,140,279,140
279,152,299,151,330,150,365,152,392,152,424,151,450,151,450,166,423,167,393,167,364,167,330,165,300,167,279,167
279,171,438,171,438,195,279,195
283,206,453,209,453,224,283,222
378,223,736,223,736,264,378,264
280,230,316,230,316,250,280,250
278,264,304,263,336,261,385,264,407,263,441,264,468,264,468,279,442,279,407,279,385,279,336,277,304,279,277,279
279,283,636,283,636,308,279,308
283,324,481,324,481,338,283,338
501,320,608,324,608,341,501,337
279,342,441,342,441,367,279,367
502,343,664,343,664,366,502,366
498,377,527,377,585,377,629,378,667,379,704,377,734,376,733,392,704,393,667,395,629,394,585,393,528,394,498,393
364,379,450,379,450,393,364,393
506,402,738,402,738,424,506,424
279,404,472,404,472,424,279,424
573,417,579,417,579,427,573,427
282,435,692,435,692,459,282,459
