98,13,374,13,374,45,98,45
530,20,679,20,679,40,530,40
515,45,538,43,563,42,595,42,625,42,654,43,677,44,677,57,654,56,625,55,595,55,563,55,538,56,515,58
97,49,120,48,156,47,187,48,217,47,249,48,275,49,275,65,249,65,217,64,186,64,156,64,119,65,97,65
297,96,364,96,364,110,297,110
280,115,718,115,718,140,280,140
283,152,303,152,331,150,365,152,393,152,425,152,451,153,451,167,424,167,394,167,364,166,332,165,303,166,283,167
280,171,439,171,439,195,280,195
284,206,456,209,455,225,284,223
379,223,738,223,738,264,379,264
282,230,318,230,318,252,282,252
279,263,305,263,336,261,372,264,408,264,442,264,469,264,469,279,443,279,408,279,372,279,336,276,305,278,279,278
280,283,637,283,637,308,280,308
284,324,482,324,482,338,284,338
502,320,610,324,609,341,502,337
504,342,666,342,666,366,504,366
280,343,442,343,442,367,280,367
366,379,451,379,451,393,366,393
501,377,527,377,569,377,630,378,668,379,714,378,743,378,743,394,714,394,668,395,630,394,569,394,528,394,502,393
507,401,738,401,738,424,507,424
280,405,474,405,474,424,280,424
574,417,580,417,580,426,574,426
283,435,693,435,693,459,283,459
