98,12,374,12,374,44,98,44
530,19,681,19,681,39,530,39
515,44,538,42,576,42,595,41,624,41,654,42,677,43,677,55,654,54,624,54,595,53,576,55,538,55,515,57
98,48,118,48,155,47,187,47,216,47,258,49,275,50,275,65,258,64,216,62,186,62,155,62,118,63,98,64
301,94,365,97,364,111,300,108
280,113,718,113,718,139,280,139
281,151,302,151,334,149,367,151,393,151,425,151,451,151,451,166,424,166,394,166,366,166,334,164,302,166,282,166
280,171,439,171,439,195,280,195
284,205,454,208,454,223,284,220
379,221,737,221,737,262,379,262
282,229,316,229,316,250,282,250
281,262,304,262,338,261,372,262,408,263,443,263,469,262,469,277,443,278,408,278,372,277,338,276,304,277,281,277
280,283,637,283,637,307,280,307
330,322,482,322,482,337,330,337
501,321,521,321,534,322,559,321,577,321,598,322,612,322,611,338,597,337,577,337,558,336,534,337,521,336,501,336
280,342,442,342,442,366,280,366
504,341,666,341,666,365,504,365
501,376,527,377,586,376,630,378,667,379,705,376,732,375,732,390,705,391,667,393,630,393,586,391,528,392,501,391
366,378,452,378,452,393,366,393
507,400,738,400,738,423,507,423
280,404,474,404,474,423,280,423
294,438,329,436,402,432,486,432,546,436,635,434,670,436,670,456,634,455,546,457,486,453,402,453,329,457,294,459
