36,23,403,23,403,50,36,50
724,23,949,23,949,48,724,48
201,61,443,59,444,84,201,86
92,62,137,62,137,87,92,87
727,62,845,62,845,84,727,84
200,97,311,97,311,121,200,121
724,97,939,97,939,122,724,122
70,99,159,99,159,122,70,122
201,134,484,131,484,157,201,159
726,132,1010,132,1010,158,726,158
80,134,149,134,149,159,80,159
726,169,933,169,933,193,726,193
724,206,874,206,874,232,724,232
295,255,544,253,544,289,296,291
95,262,137,262,137,284,95,284
255,353,304,353,304,374,255,374
563,353,610,353,610,376,563,376
662,353,707,353,707,376,662,376
776,353,822,353,822,376,776,376
931,353,978,353,978,376,931,376
38,388,136,388,136,411,38,411
623,388,696,388,696,411,623,411
797,388,809,388,822,388,836,388,849,388,862,388,874,388,874,411,862,411,849,411,839,411,820,411,807,411,795,411
955,388,966,388,981,388,996,388,1008,388,1020,388,1032,388,1032,411,1020,411,1010,411,999,411,978,411,966,411,954,411
38,425,137,425,137,447,38,447
623,425,696,425,696,447,623,447
807,425,870,425,870,447,807,447
955,423,966,424,980,425,997,424,1008,424,1021,424,1033,424,1032,447,1020,447,1009,447,998,447,978,448,966,447,954,446
809,461,821,461,830,462,839,461,850,461,862,461,874,461,874,483,862,483,851,483,840,483,830,485,819,483,807,483
969,460,981,461,989,462,998,461,1010,461,1022,461,1034,460,1031,483,1019,483,1011,483,1000,484,990,485,978,483,966,482
810,498,822,498,830,499,838,498,850,498,865,498,876,498,872,520,860,520,851,520,840,520,830,522,818,520,806,520
968,497,980,498,988,499,997,499,1008,498,1023,498,1035,497,1029,519,1018,520,1009,520,1001,521,987,522,976,520,964,519
