716,29,765,29,765,48,716,48
31,32,337,24,338,76,32,85
734,50,766,50,766,68,734,68
110,78,265,78,265,94,110,94
283,111,490,111,490,139,283,139
556,115,752,115,752,140,556,140
304,142,388,139,389,161,305,164
281,162,478,162,478,188,281,188
548,166,748,160,749,188,549,194
295,213,368,211,369,234,295,236
298,234,432,234,432,254,298,254
296,265,479,265,479,285,296,285
298,285,537,285,537,305,298,305
364,332,373,331,375,331,389,333,387,333,395,332,404,330,410,346,401,348,394,349,382,349,376,348,368,348,359,348
438,332,447,332,453,332,462,331,465,334,474,333,483,335,486,352,477,349,469,351,458,348,453,349,444,348,435,349
530,333,538,333,550,334,553,334,562,334,573,334,581,334,580,349,572,349,563,349,555,349,546,349,537,348,529,348
631,332,676,332,676,350,631,350
367,349,432,349,432,370,367,370
445,349,585,349,585,370,445,370
631,347,763,347,763,371,631,371
301,350,322,350,322,370,301,370
442,382,557,382,557,399,442,399
442,397,511,397,511,419,442,419
645,434,714,434,714,462,645,462
90,419,203,419,203,450,90,450
439,429,460,429,474,428,492,429,513,427,542,428,554,427,554,451,543,451,513,451,493,452,473,451,460,452,439,452
673,457,760,457,760,474,673,474
