716,28,765,28,765,47,716,47
31,31,337,23,338,76,32,83
732,50,766,50,766,67,732,67
110,77,265,77,265,93,110,93
283,108,490,111,490,139,283,137
556,114,751,114,751,139,556,139
304,141,387,138,388,160,305,163
281,161,478,161,478,187,281,187
543,163,578,164,602,167,640,161,676,161,713,160,753,161,753,187,713,187,676,188,640,188,604,193,578,190,543,190
295,212,368,212,368,234,295,234
298,234,432,234,432,253,298,253
296,264,479,264,479,284,296,284
296,284,537,284,537,304,296,304
438,329,446,330,452,331,464,332,465,333,473,332,482,332,484,349,475,348,469,349,458,348,453,348,444,347,436,346
529,333,536,333,549,334,554,333,562,334,572,333,579,333,580,347,573,347,563,348,555,347,547,348,536,346,529,346
631,331,676,331,676,349,631,349
365,332,400,334,399,349,364,346
367,347,432,347,432,367,367,367
303,349,321,349,321,368,303,368
444,349,513,349,513,370,444,370
531,349,583,349,583,368,531,368
631,347,763,347,763,370,631,370
440,381,557,381,557,398,440,398
443,397,510,397,510,418,443,418
89,418,203,418,203,449,89,449
439,430,460,429,472,428,492,428,513,428,541,427,557,427,558,449,541,450,512,450,492,450,473,450,460,451,439,452
645,433,715,433,715,460,645,460
673,455,758,455,758,473,673,473
