716,29,765,29,765,48,716,48
30,32,337,24,338,76,31,85
732,52,766,52,766,68,732,68
106,78,125,78,156,78,183,77,219,77,244,78,266,78,266,93,245,92,218,92,183,92,156,92,125,92,106,93
283,111,490,111,490,140,283,140
556,115,751,115,751,140,556,140
304,142,387,139,388,161,305,164
291,162,478,162,478,188,291,188
547,166,748,160,749,188,548,194
296,214,368,212,369,234,296,236
298,234,432,234,432,254,298,254
296,265,479,265,479,285,296,285
298,285,537,284,537,304,298,306
366,329,404,335,401,354,363,348
631,331,676,331,676,350,631,350
438,331,446,332,453,332,463,332,465,334,472,333,481,334,485,351,476,349,469,351,459,349,452,349,444,348,436,348
531,332,580,335,579,353,530,350
367,349,432,349,432,370,367,370
444,349,583,349,583,370,444,370
631,347,762,347,762,371,631,371
303,350,321,350,321,370,303,370
440,382,557,382,557,399,440,399
442,397,510,397,510,419,442,419
89,419,203,419,203,450,89,450
435,428,450,429,473,430,492,430,513,428,541,429,556,428,556,450,541,450,513,449,493,451,472,451,450,450,435,449
645,434,715,434,715,458,645,458
673,457,758,457,758,474,673,474
