716,28,763,28,763,47,716,47
30,31,337,23,338,76,31,83
732,50,765,50,765,67,732,67
110,77,265,77,265,93,110,93
282,108,490,111,490,139,281,137
556,114,751,114,751,139,556,139
303,141,387,138,388,160,304,163
291,161,477,161,477,187,291,187
545,165,580,164,602,166,639,162,676,161,712,161,752,161,752,187,712,187,676,188,639,188,604,193,579,191,544,192
295,212,367,212,367,234,295,234
296,233,432,232,432,253,296,254
295,264,478,264,478,284,295,284
296,284,536,284,536,304,296,304
362,330,370,330,374,331,387,333,387,333,395,331,404,328,409,343,401,346,394,347,381,347,375,347,368,346,360,345
438,330,447,330,451,331,461,331,463,333,473,332,482,333,484,350,475,348,468,349,456,347,452,348,443,347,435,347
531,330,578,335,577,351,530,347
631,331,675,331,675,349,631,349
367,347,511,348,511,370,367,368
530,349,583,349,583,368,530,368
631,347,762,347,762,371,631,371
301,350,321,350,321,368,301,368
440,381,556,381,556,398,440,398
440,396,510,396,510,418,440,418
89,418,203,418,203,449,89,449
438,430,459,429,471,428,491,428,512,427,541,427,553,427,553,449,541,450,511,450,491,450,471,450,459,451,438,452
645,434,715,434,715,460,645,460
673,455,758,455,758,473,673,473
