252,59,266,56,277,54,288,54,304,56,308,56,321,59,323,74,310,71,300,71,290,69,279,69,266,71,252,74
85,55,99,56,113,56,136,57,149,56,165,56,181,54,180,65,165,66,150,66,135,67,113,66,99,66,86,66
85,71,179,71,179,82,85,82
215,69,227,70,252,70,270,73,285,70,302,71,323,69,321,82,301,85,286,84,268,87,252,84,227,84,215,82
222,86,321,88,321,106,222,104
84,88,193,88,193,100,84,100
83,106,197,106,197,118,83,118
260,111,267,110,280,108,292,107,302,109,314,106,322,106,324,120,317,120,304,123,289,121,282,122,269,124,262,125
82,123,162,123,162,136,82,136
286,127,320,121,323,137,288,143
