286,30,516,30,516,80,286,80
550,49,583,49,583,63,550,63
532,56,714,56,714,80,532,80
35,87,50,87,50,186,35,186
318,84,665,84,665,111,318,111
315,112,671,113,671,148,315,147
287,157,421,157,421,183,287,183
286,188,298,187,318,186,339,185,360,186,388,186,401,187,402,212,389,211,359,212,338,211,319,212,299,212,286,213
287,215,574,215,574,239,287,239
286,243,329,242,382,242,428,242,491,242,541,242,585,243,585,267,541,267,491,267,428,266,382,267,329,267,285,267
289,271,546,271,546,292,289,292
286,295,599,295,599,316,286,316
288,321,510,319,510,340,289,342
289,345,385,345,385,366,289,366
41,352,273,366,270,419,38,405
288,372,417,369,418,390,289,393
289,393,535,393,535,415,289,415
74,426,205,426,205,443,74,443
40,444,89,444,89,463,40,463
228,446,364,446,364,465,228,465
416,446,618,446,618,465,416,465
641,446,767,446,767,465,641,465
79,463,107,464,250,464,350,466,472,467,607,466,635,466,635,482,607,482,472,484,350,482,250,481,107,480,79,480
