286,28,516,29,516,80,286,79
550,47,583,49,583,63,549,61
530,60,554,60,597,57,622,58,660,57,696,57,715,56,715,78,695,79,661,78,621,80,598,78,553,81,529,82
36,87,50,87,50,186,36,186
318,84,665,84,665,109,318,109
315,112,672,112,672,146,315,146
287,156,421,156,421,181,287,181
287,186,400,186,400,210,287,210
287,214,574,214,574,238,287,238
287,242,593,242,593,267,287,267
289,270,547,270,547,291,289,291
287,294,599,294,599,315,287,315
288,320,508,317,508,339,289,341
289,344,385,344,385,364,289,364
41,353,274,364,271,417,39,406
285,370,308,370,324,370,350,370,380,371,403,368,416,367,417,386,404,387,380,389,350,389,324,388,309,388,285,388
288,394,535,392,535,413,289,416
74,426,205,426,205,443,74,443
40,443,89,443,89,463,40,463
228,445,363,445,363,464,228,464
416,445,617,445,617,464,416,464
638,444,660,445,686,444,700,445,728,447,746,444,772,442,772,461,746,464,728,467,699,464,686,463,660,464,638,464
81,465,109,465,226,463,350,465,472,466,607,465,635,465,635,481,607,481,472,482,350,481,226,479,109,480,81,480
