91,43,114,43,114,53,91,53
58,59,68,60,81,61,102,62,111,64,130,61,140,62,139,76,129,75,113,77,101,75,81,75,67,74,57,72
201,63,333,63,333,76,201,76
120,96,149,96,149,104,120,104
159,96,266,96,266,109,159,109
305,95,403,95,403,109,305,109
304,107,402,107,402,121,304,121
158,109,207,109,207,121,158,121
158,122,246,122,246,134,158,134
158,132,218,132,218,146,158,146
140,147,150,147,150,199,140,199
159,158,226,158,226,169,159,169
159,170,270,170,270,182,159,182
158,183,196,183,196,192,158,192
158,197,170,196,180,196,196,196,206,196,218,196,232,195,233,204,219,204,206,205,197,205,180,205,169,205,158,205
271,195,332,195,332,206,271,206
158,206,254,205,254,217,158,218
199,225,233,225,233,235,199,235
251,226,306,224,306,235,252,238
198,239,209,239,234,237,255,237,264,239,283,237,301,237,301,249,283,248,265,250,254,249,235,248,210,250,199,251
159,256,311,256,311,266,159,266
35,256,151,264,150,283,34,276
