91,42,114,42,114,52,91,52
59,58,68,59,82,61,102,61,110,63,125,60,139,60,138,73,124,73,111,76,102,74,81,74,67,72,58,71
201,61,333,61,333,74,201,74
302,97,316,96,335,95,355,94,375,95,390,94,405,94,405,107,390,107,375,108,355,107,336,108,317,109,302,111
118,95,122,95,127,95,133,95,140,95,145,96,149,96,149,103,145,103,140,103,133,103,127,103,121,103,117,103
159,96,266,95,266,107,159,108
304,107,402,107,402,120,304,120
158,109,207,108,208,119,159,121
158,121,246,121,246,133,158,133
158,131,218,131,218,144,158,144
140,146,150,146,150,198,140,198
159,157,226,157,226,168,159,168
159,170,270,170,270,181,159,181
158,182,196,182,196,191,158,191
271,193,332,193,332,205,271,205
157,195,169,195,180,195,197,195,210,195,218,195,232,193,233,202,219,204,211,204,196,205,180,204,169,204,157,204
158,204,254,204,254,217,158,217
251,225,306,223,306,235,252,237
198,224,203,224,209,225,214,225,221,223,227,224,234,222,234,232,227,234,222,233,215,235,209,235,203,234,198,234
197,238,209,238,234,236,255,237,270,237,283,236,302,235,302,246,283,247,271,248,254,248,234,247,210,249,197,249
159,255,311,255,311,265,159,265
34,256,151,263,150,283,33,275
