90,43,114,43,114,53,90,53
57,59,67,60,81,61,101,62,109,64,129,61,139,62,139,76,129,75,111,77,100,75,80,75,65,74,55,73
200,62,332,62,332,76,200,76
118,96,148,96,148,104,118,104
158,96,266,96,266,109,158,109
303,95,402,95,402,109,303,109
158,109,206,109,206,121,158,121
303,108,401,108,401,121,303,121
158,122,245,122,245,134,158,134
157,132,217,132,217,146,157,146
138,147,149,147,149,199,138,199
158,158,225,158,225,169,158,169
158,171,270,171,270,182,158,182
158,183,194,183,194,192,158,192
156,197,168,196,179,196,196,196,209,196,218,196,231,195,232,203,218,204,209,205,196,205,178,205,168,205,156,205
270,195,331,195,331,206,270,206
157,206,253,205,253,217,157,218
198,225,232,225,232,235,198,235
250,226,305,224,305,235,250,238
158,236,163,237,168,238,173,238,178,236,184,236,190,236,188,245,182,245,179,245,175,246,168,246,165,246,160,244
197,239,208,239,233,237,254,237,263,239,282,237,300,237,301,249,283,248,264,250,253,249,233,248,208,250,197,251
158,256,310,256,310,266,158,266
34,256,150,263,149,283,33,276
