90,42,114,42,114,51,90,51
57,57,66,59,81,60,101,61,109,63,128,60,138,61,137,75,127,74,111,77,100,75,80,74,65,73,56,71
200,61,332,61,332,74,200,74
118,95,122,95,127,95,132,95,139,95,145,96,149,96,148,103,144,103,139,103,132,103,127,103,121,103,117,103
158,96,265,95,266,107,158,108
303,95,402,95,402,108,303,108
303,107,401,107,401,120,303,120
157,109,206,108,206,119,158,121
158,121,245,121,245,132,158,132
157,131,217,131,217,144,157,144
138,146,149,146,149,198,138,198
158,157,225,157,225,168,158,168
156,168,176,169,193,169,217,170,232,169,253,169,271,168,271,179,253,181,232,180,217,182,192,181,177,180,156,179
158,182,194,182,194,191,158,191
270,193,331,193,331,205,270,205
156,195,167,195,179,195,196,195,210,195,218,194,231,192,232,201,218,203,210,204,196,205,178,204,167,204,156,204
157,204,253,204,253,217,157,217
250,225,305,223,305,235,250,237
197,224,202,224,208,225,214,225,222,224,226,224,233,222,234,232,227,234,222,234,215,235,208,235,202,234,197,234
169,235,186,233,188,243,170,245
196,237,214,237,234,236,254,236,263,238,282,236,301,237,301,249,282,248,264,250,254,248,234,248,215,248,196,249
158,255,310,255,310,265,158,265
34,256,151,263,149,283,33,275
