286,108,906,112,905,155,286,151
735,149,912,151,911,170,735,167
286,156,421,156,421,187,286,187
76,159,185,157,185,194,76,196
772,178,912,185,911,212,771,206
214,190,271,198,266,231,209,223
783,219,912,219,912,240,783,240
299,225,352,223,392,222,451,222,537,223,583,228,636,233,634,264,582,259,536,254,451,253,391,253,352,254,299,255
288,260,484,260,484,286,288,286
525,261,667,265,666,293,525,289
533,291,790,291,790,320,533,320
289,294,485,294,485,318,289,318
562,328,596,328,676,329,737,326,805,325,845,326,890,328,889,354,844,352,805,351,738,351,677,354,595,353,560,354
872,355,912,355,912,374,872,374
289,360,482,360,482,384,289,384
845,393,856,390,861,388,882,387,889,386,905,387,916,388,915,410,904,409,889,408,881,408,866,409,853,411,842,414
288,389,545,389,545,418,288,418
817,420,834,419,848,417,864,420,884,420,900,422,917,422,919,446,902,446,882,443,865,444,846,441,839,443,822,443
369,453,403,451,432,452,454,447,494,445,496,441,529,431,549,475,516,485,487,493,468,492,431,500,414,498,380,500
827,453,918,453,918,515,827,515
70,524,361,521,361,549,70,552
