286,108,906,112,905,155,286,151
737,150,913,150,913,170,737,170
510,154,539,154,539,170,510,170
286,158,419,154,420,185,286,188
154,159,185,159,185,194,154,194
702,178,914,184,913,211,701,204
433,182,530,182,530,208,433,208
214,190,270,197,266,231,210,224
711,215,767,219,766,243,710,239
288,221,648,228,648,259,287,252
287,262,484,260,484,286,288,288
526,260,667,265,666,294,524,288
838,288,912,288,912,306,838,306
533,292,789,292,789,320,533,320
288,294,485,294,485,318,288,318
389,318,547,318,547,343,389,343
301,323,355,323,355,341,301,341
574,330,619,328,657,328,737,325,803,324,846,327,891,329,891,355,846,353,803,350,738,351,657,354,618,355,572,356
839,354,913,354,913,374,839,374
288,358,481,358,481,384,288,384
839,384,916,384,916,409,839,409
303,390,352,391,413,391,494,390,531,389,601,384,650,380,649,407,600,411,533,417,494,418,413,418,352,418,303,417
855,417,919,422,917,446,853,441
285,437,316,445,373,444,407,452,455,448,486,445,534,440,544,482,496,487,463,491,410,496,364,487,314,489,282,481
823,455,916,455,916,478,823,478
859,484,915,490,912,516,856,511
71,525,528,521,529,548,72,552
