286,110,906,113,905,156,286,152
737,153,843,153,843,170,737,170
288,157,421,157,421,187,288,187
72,167,184,157,188,193,76,204
774,181,909,186,908,213,773,208
435,185,533,185,533,209,435,209
214,191,272,199,267,232,210,223
686,220,764,220,764,237,686,237
803,220,893,220,893,239,803,239
298,222,350,222,390,223,453,224,534,223,584,229,637,233,636,264,583,260,533,254,453,255,390,254,350,253,298,253
288,262,485,262,485,288,288,288
524,259,541,262,575,264,595,267,617,265,655,266,672,264,671,288,654,290,616,289,595,291,576,288,537,286,520,283
531,291,790,291,790,320,531,320
289,294,485,294,485,320,289,320
393,320,530,320,530,343,393,343
568,327,600,327,660,329,738,326,803,324,866,326,898,327,897,355,865,355,803,352,740,354,660,357,598,355,566,355
872,357,912,357,912,375,872,375
289,360,482,360,482,386,289,386
841,386,916,386,916,410,841,410
289,393,666,388,667,416,289,422
826,417,919,423,917,448,825,442
381,452,531,434,537,486,387,504
827,455,916,455,916,478,827,478
837,479,917,487,914,517,834,509
72,524,363,524,363,551,72,551
