286,110,906,113,905,156,286,152
286,157,421,157,421,187,286,187
153,159,185,159,185,194,153,194
772,181,914,187,913,213,771,207
436,183,530,183,530,209,436,209
214,191,270,199,266,231,210,224
713,216,767,220,765,243,711,239
297,221,350,222,390,223,453,225,534,223,584,229,637,233,636,264,583,260,533,254,453,255,390,254,350,253,298,252
288,262,484,262,484,288,288,288
524,259,541,262,575,264,595,267,617,265,654,265,671,263,669,287,652,289,616,289,595,291,575,288,537,286,520,283
531,291,789,291,789,320,531,320
289,294,485,294,485,320,289,320
391,325,418,323,433,322,460,322,499,324,518,322,544,320,545,338,518,339,500,341,460,340,433,340,417,341,391,342
303,326,331,326,331,341,303,341
567,327,598,327,660,329,738,326,801,324,866,326,898,327,897,355,865,355,802,352,740,354,660,357,596,355,564,355
286,358,332,359,356,360,413,359,454,359,507,352,536,349,540,374,511,377,454,385,413,384,356,386,332,385,287,383
873,357,913,357,913,375,873,375
843,387,916,387,916,410,843,410
289,393,666,388,667,416,289,422
826,420,836,421,858,422,870,422,887,423,904,424,918,426,921,445,907,444,885,443,872,441,857,442,839,440,829,440
370,459,402,454,426,448,453,449,493,446,496,444,528,436,549,477,517,485,488,492,467,492,424,494,412,499,380,504
852,440,917,443,916,478,851,476
856,487,915,487,915,513,856,513
70,524,363,524,363,551,70,551
