1662,51,1734,51,1734,84,1662,84
222,48,577,53,575,160,221,155
897,75,1251,75,1251,120,897,120
450,174,924,174,924,228,450,228
1150,335,1173,307,1206,277,1249,242,1314,214,1364,200,1389,195,1403,241,1379,245,1329,259,1273,283,1236,313,1201,344,1179,372
1552,212,1582,233,1608,247,1640,273,1664,291,1691,320,1715,348,1675,379,1651,350,1628,326,1608,312,1586,292,1555,275,1526,254
192,255,237,255,237,480,192,480
678,240,885,240,885,288,678,288
651,291,828,291,828,333,651,333
644,372,715,372,827,371,898,370,979,373,1077,372,1158,374,1158,422,1077,420,979,420,898,418,826,419,717,419,645,420
678,414,870,414,870,459,678,459
678,456,1341,456,1341,504,678,504
690,506,1134,506,1134,563,690,563
645,576,1443,576,1443,630,645,630
630,637,704,634,872,636,993,630,1127,637,1214,632,1287,631,1290,672,1216,673,1124,678,995,671,871,677,705,676,631,678
890,689,1175,684,1176,734,891,739
649,696,824,689,826,731,651,738
648,741,933,741,933,792,648,792
1194,741,1356,741,1356,783,1194,783
1130,787,1175,787,1205,787,1255,787,1305,786,1339,789,1383,791,1382,824,1337,821,1306,818,1255,820,1204,820,1175,820,1130,820
747,810,1056,810,1056,885,747,885
1100,819,1379,815,1380,851,1101,854
175,832,1193,824,1194,994,177,1002
1104,852,1377,852,1377,885,1104,885
1419,921,1719,921,1719,987,1419,987
719,967,785,967,878,967,979,967,1092,967,1188,967,1254,967,1254,1003,1188,1003,1093,1003,979,1003,878,1003,785,1003,719,1003
