1662,51,1734,51,1734,84,1662,84
222,51,579,51,579,159,222,159
897,75,1251,75,1251,120,897,120
450,174,924,174,924,228,450,228
1150,325,1169,304,1205,272,1247,241,1316,212,1363,198,1390,193,1406,242,1379,247,1332,261,1274,286,1238,312,1201,345,1183,365
1546,212,1583,233,1611,248,1641,270,1657,287,1686,314,1706,345,1668,374,1649,343,1625,322,1612,307,1589,290,1560,275,1523,253
192,252,237,252,237,480,192,480
678,240,885,240,885,285,678,285
651,288,828,288,828,333,651,333
648,372,1158,372,1158,420,648,420
678,414,870,414,870,459,678,459
678,456,1341,456,1341,504,678,504
684,528,757,516,816,508,892,506,976,504,1053,506,1137,506,1138,562,1053,561,975,559,893,562,819,564,759,572,686,583
645,575,1442,575,1442,629,645,629
634,638,701,637,830,637,993,632,1100,637,1220,632,1286,633,1288,670,1222,669,1097,673,995,669,829,673,702,673,635,675
891,687,1176,687,1176,735,891,735
648,690,825,690,825,732,648,732
647,743,932,738,933,788,648,793
1197,741,1356,741,1356,780,1197,780
1097,783,1382,779,1383,851,1098,855
747,810,1056,810,1056,882,747,882
180,831,1194,831,1194,999,180,999
1097,850,1142,850,1201,850,1228,850,1285,850,1329,850,1374,850,1374,883,1329,883,1284,883,1228,883,1201,883,1142,883,1097,883
1419,921,1719,921,1719,987,1419,987
723,966,1287,966,1287,1005,723,1005
