1659,51,1734,51,1734,84,1659,84
222,51,576,51,576,159,222,159
897,75,1251,75,1251,120,897,120
447,174,921,174,921,228,447,228
1147,338,1170,310,1205,276,1246,244,1314,214,1363,204,1388,201,1403,246,1378,249,1328,259,1270,285,1235,314,1198,347,1176,376
1542,218,1580,238,1608,248,1637,272,1661,293,1686,316,1714,350,1677,377,1648,344,1629,326,1608,308,1587,289,1557,278,1519,258
186,255,233,254,238,479,190,480
675,240,882,240,882,288,675,288
647,291,824,288,825,332,648,336
641,372,712,372,826,371,895,370,976,373,1077,372,1157,374,1159,422,1078,420,976,420,895,418,826,419,714,419,642,420
678,414,870,414,870,459,678,459
678,456,1338,456,1338,504,678,504
690,506,1134,506,1134,563,690,563
645,576,1443,576,1443,630,645,630
666,637,740,634,870,636,991,630,1081,636,1213,632,1287,634,1290,675,1216,673,1078,677,994,671,869,677,741,676,667,678
887,689,1175,684,1176,734,888,739
646,701,824,688,827,731,649,744
648,741,933,741,933,792,648,792
1194,741,1356,741,1356,783,1194,783
1130,788,1175,788,1204,788,1255,787,1306,787,1339,790,1384,794,1382,823,1337,820,1305,817,1255,817,1205,818,1175,818,1130,818
747,810,1056,810,1056,885,747,885
1100,819,1376,815,1377,851,1101,854
172,833,1193,824,1194,993,174,1002
1104,852,1377,852,1377,885,1104,885
1419,921,1716,921,1716,987,1419,987
719,967,785,967,878,967,991,967,1089,967,1188,967,1254,967,1254,1003,1188,1003,1090,1003,991,1003,878,1003,785,1003,719,1003
