1659,51,1734,51,1734,84,1659,84
222,51,576,51,576,159,222,159
897,75,1248,75,1248,120,897,120
447,174,921,174,921,228,447,228
1147,338,1171,306,1204,274,1245,242,1297,219,1364,199,1391,194,1406,242,1379,247,1312,267,1271,285,1236,312,1203,345,1179,377
1547,220,1577,234,1596,243,1637,270,1657,287,1686,315,1708,342,1671,371,1648,344,1624,322,1607,308,1574,285,1555,277,1525,262
188,252,234,251,238,479,192,480
675,240,882,240,882,285,675,285
648,288,825,288,825,333,648,333
647,373,1157,368,1158,419,648,424
678,414,870,414,870,459,678,459
678,455,1338,455,1338,503,678,503
690,503,1134,503,1134,563,690,563
645,576,1443,576,1443,630,645,630
627,640,700,634,869,636,939,630,1100,635,1217,630,1290,630,1293,671,1219,671,1097,675,941,671,868,677,702,676,628,681
887,688,1175,684,1176,734,888,739
648,690,825,690,825,732,648,732
647,743,932,738,933,788,648,793
1194,741,1356,741,1356,783,1194,783
1097,783,1382,779,1383,851,1098,855
747,810,1056,810,1056,882,747,882
171,835,1192,818,1195,986,174,1002
1097,851,1142,851,1198,852,1228,852,1285,850,1329,851,1374,849,1374,879,1329,881,1285,880,1229,883,1198,882,1142,881,1096,881
1419,921,1716,921,1716,987,1419,987
723,966,1287,966,1287,1005,723,1005
