806,48,942,48,942,70,806,70
184,159,326,162,325,185,183,182
478,161,990,171,989,198,477,188
177,191,315,191,315,215,177,215
480,202,586,202,586,216,480,216
618,204,716,204,716,216,618,216
750,204,990,209,989,222,749,218
484,222,512,222,512,240,484,240
622,222,656,222,656,242,622,242
174,224,328,224,328,248,174,248
753,226,765,224,784,224,799,223,823,225,835,225,850,226,849,243,833,242,821,242,798,240,786,241,765,241,753,243
478,250,620,250,620,264,478,264
482,268,634,268,634,290,482,290
474,299,660,301,659,316,473,313
480,319,624,319,624,341,480,341
472,351,662,351,662,365,472,365
1001,353,1013,354,1036,354,1056,355,1068,354,1090,354,1109,352,1108,368,1090,369,1068,369,1056,370,1034,369,1014,369,1002,369
478,375,517,375,599,375,651,376,736,378,790,376,829,376,829,399,790,399,736,401,650,399,599,398,517,398,478,398
1040,382,1112,382,1112,404,1040,404
472,406,742,406,742,420,472,420
878,407,1112,411,1111,425,877,421
478,425,660,427,659,450,477,447
994,430,1116,430,1116,452,994,452
470,457,748,461,747,476,469,473
1036,462,1116,462,1116,476,1036,476
474,482,490,482,508,481,533,482,558,482,576,483,601,484,601,505,575,504,559,503,532,503,510,502,489,503,473,503
468,513,736,516,735,532,467,529
770,515,948,515,948,529,770,529
1090,518,1120,518,1120,530,1090,530
780,534,990,534,990,558,780,558
476,536,664,536,664,558,476,558
1054,538,1126,538,1126,558,1054,558
466,570,742,570,742,584,466,584
770,566,1126,569,1125,586,769,583
846,594,887,595,911,601,964,592,992,594,1037,589,1078,586,1068,623,1027,626,993,632,965,630,915,639,883,633,842,631
474,592,664,592,664,612,474,612
197,707,251,707,433,707,613,709,800,708,984,707,1038,706,1038,738,984,738,800,740,613,741,433,738,251,739,197,738
133,766,1157,763,1158,800,134,803
