366,28,548,28,548,56,366,56
3,28,350,28,350,113,3,113
532,67,784,67,784,97,532,97
833,140,1022,140,1022,171,833,171
731,150,764,150,764,172,731,172
540,160,563,160,563,187,540,187
404,166,415,165,443,164,460,164,473,166,499,166,510,168,510,190,499,188,471,188,459,186,441,186,415,187,404,188
886,180,1022,180,1022,204,886,204
730,185,741,183,755,183,772,181,791,184,805,184,815,186,814,205,804,204,790,204,771,201,757,202,740,203,729,204
378,197,537,194,537,223,379,225
886,214,1020,214,1020,238,886,238
731,215,742,215,756,217,783,214,802,216,817,219,828,223,826,245,815,242,799,238,782,236,759,239,738,237,726,237
488,233,512,233,512,260,488,260
340,240,363,238,374,238,401,238,421,241,436,240,455,242,456,262,437,261,421,261,400,258,376,259,362,259,339,261
865,246,1022,246,1022,275,865,275
777,252,838,252,838,275,777,275
358,292,566,292,566,320,358,320
357,325,508,322,509,350,358,353
358,392,673,392,673,420,358,420
395,422,593,422,593,451,395,451
332,518,827,518,827,547,332,547
433,550,611,550,611,577,433,577
648,550,708,550,708,577,648,577
747,550,816,550,816,577,747,577
361,552,390,552,390,577,361,577
0,580,51,571,112,584,171,567,228,577,288,595,320,608,306,652,275,639,229,623,172,613,113,630,38,615,-12,625
350,601,638,601,638,627,350,627
374,638,577,638,577,672,374,672
657,638,830,638,830,670,657,670
