366,28,547,28,547,56,366,56
0,33,349,25,351,107,2,115
531,68,782,68,782,97,531,97
829,140,865,141,884,140,927,142,965,140,987,141,1022,141,1023,174,987,173,965,173,927,174,884,172,865,173,829,173
730,150,762,153,760,172,728,169
540,161,563,161,563,187,540,187
406,166,510,166,510,188,406,188
886,182,1022,182,1022,206,886,206
728,185,739,184,754,183,770,183,791,185,807,186,817,187,816,207,805,205,790,204,770,202,755,203,738,204,728,205
505,196,536,196,536,224,505,224
377,203,476,203,476,225,377,225
730,216,741,215,756,217,783,214,803,219,819,221,830,225,827,248,816,244,800,241,783,237,758,240,738,238,727,238
884,215,1019,215,1019,239,884,239
486,235,510,235,510,260,486,260
342,240,456,240,456,262,342,262
863,247,1020,247,1020,276,863,276
748,252,838,252,838,276,748,276
395,294,564,294,564,321,395,321
356,300,371,300,371,318,356,318
356,324,508,324,508,352,356,352
356,393,676,393,676,420,356,420
393,422,593,422,593,452,393,452
331,520,825,520,825,547,331,547
431,550,609,550,609,577,431,577
361,552,388,552,388,577,361,577
646,552,708,552,708,577,646,577
747,552,814,552,814,577,747,577
8,571,52,569,111,584,172,572,229,575,283,595,317,608,303,654,270,641,231,623,173,619,115,632,39,614,-4,616
348,601,636,601,636,628,348,628
372,638,576,638,576,672,372,672
657,640,828,640,828,672,657,672
