366,27,547,29,547,57,366,55
0,31,316,25,317,108,2,113
326,60,345,60,345,104,326,104
531,67,784,67,784,97,531,97
832,140,1020,140,1020,171,832,171
731,150,763,150,763,172,731,172
540,160,563,160,563,187,540,187
404,167,415,166,441,164,458,165,473,167,497,166,512,167,512,188,498,187,472,188,457,186,440,184,416,187,405,187
884,180,1022,180,1022,204,884,204
731,184,741,183,755,182,773,181,790,184,805,184,815,186,814,206,804,204,788,204,773,201,757,201,739,202,729,203
507,195,536,195,536,224,507,224
377,201,388,201,404,201,431,201,448,201,463,201,479,200,480,222,464,222,448,223,430,223,407,222,385,222,373,222
884,214,1019,214,1019,238,884,238
731,216,742,215,756,218,783,216,800,218,816,221,830,225,827,244,813,241,797,237,782,235,758,238,738,235,728,235
486,233,510,233,510,260,486,260
340,240,363,238,376,237,401,238,421,241,435,241,457,244,458,265,436,262,420,261,400,258,377,258,362,259,339,261
864,246,1022,246,1022,275,864,275
776,252,836,252,836,273,776,273
395,292,564,292,564,320,395,320
356,299,371,299,371,316,356,316
356,324,508,324,508,350,356,350
356,392,675,392,675,420,356,420
393,420,593,420,593,451,393,451
331,518,825,518,825,547,331,547
432,550,609,550,609,577,432,577
646,550,708,550,708,577,646,577
747,550,814,550,814,577,747,577
361,552,388,552,388,577,361,577
5,571,51,568,107,581,172,569,224,577,286,593,320,605,305,653,271,641,226,627,173,620,110,632,37,616,-8,619
348,601,636,601,636,627,348,627
372,638,576,638,576,672,372,672
657,638,828,638,828,670,657,670
