543,25,692,32,690,75,541,68
242,43,279,41,306,39,358,39,399,38,461,37,490,36,490,57,461,59,398,60,359,61,306,61,278,62,241,64
42,40,207,38,207,57,42,60
738,37,802,37,802,96,738,96
521,64,538,64,538,72,521,72
342,78,381,80,380,101,341,99
520,77,646,77,646,100,520,100
237,122,252,122,286,120,316,121,341,121,373,120,388,120,389,142,373,142,341,143,316,143,286,142,252,144,237,144
237,203,327,203,327,227,237,227
237,247,452,247,452,271,237,271
517,249,541,249,580,248,625,248,663,247,700,248,737,247,737,269,700,269,663,269,626,270,580,270,541,270,518,270
340,291,646,291,646,314,340,314
670,318,737,318,737,327,670,327
279,318,343,318,343,328,279,328
237,332,431,332,431,355,237,355
519,333,737,331,737,355,519,356
25,396,60,396,60,445,25,445
26,474,692,471,693,496,26,499
25,471,783,471,783,568,25,568
