185,19,502,10,503,43,186,52
374,62,569,54,570,77,375,84
121,70,156,68,184,67,220,66,271,65,298,63,333,62,334,83,299,84,271,85,220,86,184,87,157,89,122,90
375,126,394,126,412,124,433,125,451,124,472,124,487,124,486,138,471,138,452,138,433,139,413,139,394,140,376,141
187,130,201,129,210,128,221,128,234,128,250,128,258,128,258,143,250,143,234,143,221,143,211,143,202,144,188,145
379,143,470,143,470,161,379,161
191,147,259,145,260,163,192,166
379,175,456,175,456,189,379,189
190,178,287,176,287,192,190,193
382,191,456,191,456,210,382,210
191,194,361,190,362,211,191,214
378,224,394,224,409,223,424,224,447,222,462,223,480,223,479,237,461,237,447,236,425,238,409,237,395,238,379,238
191,227,289,225,290,241,191,243
381,242,482,240,482,258,381,260
192,244,293,242,293,261,192,264
381,281,485,281,485,296,381,296
192,285,218,285,218,299,192,299
382,299,484,298,484,316,382,318
194,303,266,301,267,319,194,321
381,331,396,330,431,330,452,330,480,330,519,329,532,328,532,342,519,342,480,343,452,344,431,344,397,344,381,344
193,333,290,332,291,347,193,349
382,347,460,347,460,367,382,367
194,353,217,353,217,369,194,369
553,374,570,371,588,366,610,366,634,364,656,363,674,363,674,397,657,397,636,398,611,400,592,399,578,404,561,407
194,391,477,387,478,402,194,407
