185,20,501,11,502,43,186,52
371,62,391,62,436,61,476,60,507,59,536,59,568,59,568,78,536,78,508,78,477,79,437,80,392,81,371,81
124,69,332,62,332,83,124,90
378,126,486,123,486,138,378,141
188,129,256,128,257,143,189,144
378,143,469,143,469,160,378,160
191,147,259,146,259,163,191,165
378,174,456,174,456,189,378,189
187,178,203,178,220,178,241,177,252,178,273,176,285,176,286,191,274,190,251,192,241,191,220,192,202,192,187,192
381,192,454,192,454,209,381,209
191,195,360,193,361,211,191,214
377,224,393,224,408,223,423,223,446,222,461,223,479,223,478,237,460,237,446,236,424,237,408,237,394,238,378,238
191,227,288,226,288,241,191,242
381,242,481,240,481,258,381,260
190,244,291,242,292,261,190,264
380,281,485,279,485,295,380,296
191,285,216,285,216,298,191,298
382,298,483,298,483,317,382,317
193,303,265,301,266,319,193,321
381,330,532,329,532,344,381,345
192,334,289,333,290,347,192,349
382,348,459,348,459,366,382,366
194,353,217,353,217,369,194,369
560,369,666,363,668,396,562,402
193,391,477,387,478,403,193,406
