185,18,502,9,503,43,186,52
370,60,392,60,437,60,477,59,508,58,538,57,573,57,573,77,538,78,509,78,477,79,438,80,393,81,371,81
124,68,333,61,334,83,124,90
379,124,487,124,487,140,379,140
190,127,258,127,258,143,190,143
378,141,470,141,470,160,378,160
192,146,260,146,260,164,192,164
379,173,456,173,456,189,379,189
190,177,287,175,287,191,190,193
381,190,456,190,456,210,381,210
187,193,209,193,243,192,269,193,306,192,331,191,362,190,362,209,331,211,306,211,270,212,244,212,210,213,187,213
380,223,477,221,478,237,380,239
191,226,290,226,290,241,191,241
381,241,482,239,482,258,381,260
192,241,293,241,293,262,192,262
381,281,486,279,486,295,381,296
192,284,217,284,217,298,192,298
381,297,484,297,484,317,381,317
192,300,266,298,267,319,192,321
381,330,533,328,533,344,381,346
193,333,290,331,291,347,193,348
382,346,460,346,460,367,382,367
194,352,217,352,217,368,194,368
554,375,571,371,588,365,610,365,631,364,654,363,672,364,672,398,654,397,634,398,611,399,594,398,579,404,562,408
195,390,332,390,332,404,195,404
