184,19,501,10,502,44,185,52
369,61,391,61,436,61,477,60,507,59,535,58,570,58,571,78,536,79,508,80,477,80,437,81,392,82,370,82
123,69,332,62,332,84,123,90
378,125,486,125,486,141,378,141
188,130,256,128,257,143,189,145
378,143,469,142,469,160,378,162
191,147,259,147,259,165,191,165
376,174,386,174,401,175,419,174,428,174,442,175,455,176,454,190,441,189,427,188,420,188,400,190,386,188,377,188
190,178,286,177,286,192,190,193
381,192,455,192,455,210,381,210
191,195,360,193,361,212,191,215
379,224,476,222,477,238,379,240
191,227,288,227,288,242,191,242
381,242,481,241,481,259,381,261
192,246,291,243,292,262,192,264
378,281,394,281,409,281,431,281,452,280,471,280,486,280,487,295,471,295,452,294,431,295,409,295,394,295,379,295
191,285,217,285,217,300,191,300
381,299,483,297,483,317,381,318
192,302,265,302,265,320,192,320
381,330,532,330,532,345,381,345
192,335,289,333,290,348,192,349
382,349,459,347,459,366,382,367
194,353,217,353,217,369,194,369
546,377,564,373,586,367,609,366,634,363,653,363,671,364,672,400,654,399,638,399,611,402,590,403,574,408,557,412
193,391,477,387,478,403,193,407
