469,282,737,276,738,327,470,333
162,299,383,297,384,351,163,354
460,337,495,337,565,336,653,334,710,333,784,333,819,333,819,353,784,354,711,354,653,355,565,357,495,357,460,358
232,352,374,352,374,364,232,364
682,352,844,349,845,372,683,374
656,372,777,372,777,388,656,388
580,376,588,375,597,375,606,374,616,374,627,374,635,374,634,389,626,389,616,389,607,389,598,390,588,390,581,391
430,376,545,376,545,392,430,392
659,396,790,396,790,420,659,420
601,400,619,400,619,419,601,419
617,429,844,426,845,450,617,454
390,433,553,430,553,454,390,456
392,456,563,456,563,476,392,476
392,475,523,475,523,494,392,494
388,498,415,498,458,499,501,499,547,497,571,498,599,499,598,515,571,514,547,513,501,515,458,515,415,514,388,514
391,513,659,511,659,530,392,532
431,554,449,554,472,554,493,553,520,553,550,554,565,554,565,568,550,567,520,566,493,567,473,568,449,568,431,568
649,551,667,551,688,551,712,551,727,551,747,550,765,549,767,563,750,565,726,566,712,566,689,566,666,566,649,566
681,566,734,566,734,584,681,584
473,568,526,568,526,585,473,585
575,593,742,591,742,624,576,626
393,595,528,595,528,611,393,611
433,608,524,608,524,624,433,624
694,608,728,608,728,624,694,624
404,611,419,611,419,625,404,625
651,639,660,639,672,640,683,640,695,641,704,639,714,637,713,651,703,653,697,655,681,654,673,653,660,653,650,652
670,654,692,654,692,670,670,670
