469,280,735,275,736,325,470,330
162,298,383,295,384,351,163,354
457,336,844,329,845,352,457,359
233,350,374,350,374,363,233,363
683,350,843,350,843,371,683,371
655,372,777,369,777,385,656,389
580,372,635,372,635,388,580,388
429,376,545,372,545,389,430,393
659,395,790,395,790,419,659,419
601,400,619,400,619,417,601,417
617,428,844,425,845,449,617,452
389,432,553,429,553,452,390,455
391,455,561,453,561,473,392,475
392,475,524,475,524,495,392,495
391,497,611,495,611,513,392,516
391,513,659,511,659,529,392,531
652,550,766,550,766,566,652,566
435,552,564,552,564,568,435,568
681,564,734,564,734,582,681,582
473,566,526,566,526,584,473,584
574,592,742,592,742,624,574,624
389,593,407,595,439,593,456,595,482,592,510,594,528,593,528,607,510,608,482,606,457,609,439,607,407,609,390,607
402,609,412,609,430,607,440,608,457,609,467,609,483,611,485,624,470,622,455,623,441,621,431,621,412,623,402,623
694,606,728,606,728,622,694,622
491,608,499,608,501,607,507,607,514,607,517,622,525,622,530,608,522,608,513,621,508,622,501,621,495,622,487,622
653,637,660,638,671,638,680,639,694,639,706,639,714,638,713,653,705,653,694,654,680,654,671,653,660,653,652,651
670,652,692,652,692,670,670,670
