469,282,735,276,736,326,470,331
161,299,383,297,384,351,161,354
477,337,513,337,562,336,637,334,710,333,781,332,816,331,816,352,781,352,711,354,637,354,562,356,513,357,478,358
232,352,372,352,372,364,232,364
681,352,843,350,843,372,681,374
654,372,777,372,777,388,654,388
580,374,635,374,635,390,580,390
428,376,544,376,544,392,428,392
659,396,790,396,790,420,659,420
601,400,617,400,617,419,601,419
613,431,844,425,845,449,614,455
388,433,551,430,552,454,388,456
390,456,561,456,561,476,390,476
392,475,521,475,521,494,392,494
390,498,609,496,609,514,390,516
390,513,657,511,657,530,390,532
647,551,665,551,687,551,712,551,725,551,748,551,765,550,767,565,749,565,725,566,712,566,687,566,665,566,647,566
435,553,563,553,563,569,435,569
680,566,732,566,732,584,680,584
473,568,526,568,526,585,473,585
574,592,742,592,742,625,574,625
393,595,526,595,526,611,393,611
397,609,411,609,438,607,458,607,479,605,509,608,523,608,523,624,508,624,478,621,458,623,437,623,413,624,398,625
654,643,710,643,710,654,654,654
670,654,692,654,692,670,670,670
