469,280,735,275,736,325,470,330
164,300,383,296,384,351,164,354
455,336,844,329,845,352,456,359
232,350,372,350,372,363,232,363
678,350,709,351,734,350,763,351,787,349,815,348,846,346,845,366,814,369,788,370,764,372,733,371,710,371,679,370
654,372,777,369,777,385,654,389
580,372,635,372,635,388,580,388
428,375,545,373,545,390,428,392
658,396,790,393,790,417,659,420
601,398,617,398,617,417,601,417
615,428,844,424,845,449,616,452
388,432,551,429,552,452,388,456
390,455,561,453,561,475,390,476
392,475,521,475,521,494,392,494
388,496,658,492,659,529,388,533
651,550,766,550,766,566,651,566
435,552,563,552,563,568,435,568
680,564,732,564,732,582,680,582
473,566,526,566,526,584,473,584
574,592,742,592,742,624,574,624
390,594,405,596,441,595,454,596,482,593,507,596,527,596,527,608,507,607,482,605,455,608,440,607,406,607,391,606
431,606,443,606,458,608,473,605,497,607,507,607,525,609,525,624,507,622,495,622,475,620,458,623,442,621,431,621
694,606,728,606,728,622,694,622
403,611,417,611,417,624,403,624
651,640,660,640,671,640,681,640,694,640,705,640,714,640,712,652,703,652,695,653,680,652,671,652,660,652,650,652
670,652,692,652,692,670,670,670
