250,96,776,106,774,169,249,159
235,174,583,181,582,219,234,213
600,260,910,260,910,300,600,300
967,260,1212,260,1212,297,967,297
602,295,892,295,892,337,602,337
975,300,1217,300,1217,337,975,337
1255,310,1340,310,1340,335,1255,335
604,355,962,352,962,387,605,390
604,394,1059,388,1060,419,605,425
607,428,656,427,739,426,816,424,895,425,977,423,1026,422,1027,450,978,451,896,453,816,452,739,454,657,455,608,456
1076,479,1105,472,1117,470,1144,465,1178,466,1201,466,1217,467,1216,498,1200,497,1178,497,1147,496,1120,501,1103,503,1074,510
878,469,896,470,911,473,942,469,963,468,980,468,998,469,999,504,981,504,963,503,944,504,917,508,891,505,873,504
608,477,694,474,696,510,610,513
884,512,1047,508,1048,547,885,551
602,515,635,522,667,521,691,525,717,521,756,518,774,514,777,549,759,552,724,556,686,559,670,555,633,556,600,550
720,567,965,567,965,602,720,602
1278,710,1367,705,1368,734,1280,739
302,717,542,717,542,807,302,807
1238,742,1379,734,1381,760,1240,768
730,762,977,750,979,788,732,801
