248,96,756,109,754,172,246,158
727,145,770,145,770,162,727,162
235,174,580,181,579,220,234,213
967,260,1210,260,1210,297,967,297
600,262,907,262,907,300,600,300
600,292,890,297,889,342,599,337
972,302,1217,302,1217,337,972,337
1255,310,1337,310,1337,335,1255,335
602,355,962,352,962,387,602,390
602,392,1060,392,1060,422,602,422
604,427,1057,422,1057,452,605,457
1075,483,1104,473,1118,470,1147,465,1177,467,1201,466,1217,467,1216,498,1199,497,1179,498,1149,496,1119,501,1103,504,1075,514
876,472,894,473,909,474,940,470,961,469,979,469,997,469,994,504,977,503,965,503,941,505,914,508,889,507,872,507
598,472,616,475,638,477,654,477,660,473,681,472,698,465,697,501,680,508,666,509,653,513,635,512,617,511,599,508
876,519,908,515,928,512,957,512,988,510,1030,510,1048,509,1048,545,1030,546,988,546,960,548,929,548,910,551,877,555
609,524,774,519,775,560,610,565
719,569,964,562,965,596,720,604
1276,710,1367,705,1368,734,1277,739
295,717,535,717,535,807,295,807
1236,742,1377,734,1378,760,1238,769
730,762,974,750,976,788,732,801
