247,97,755,108,754,170,246,159
727,144,771,148,769,167,725,163
235,174,580,181,579,221,234,213
967,260,1210,260,1210,297,967,297
600,262,910,262,910,300,600,300
600,297,890,297,890,340,600,340
972,302,1217,302,1217,337,972,337
1255,312,1337,312,1337,337,1255,337
602,355,962,355,962,390,602,390
602,395,1059,390,1060,421,602,425
604,427,1057,422,1057,452,605,458
1077,475,1103,473,1117,472,1153,469,1177,467,1201,467,1221,467,1220,496,1200,496,1179,496,1154,497,1120,500,1100,501,1075,503
876,468,895,471,908,476,942,471,959,468,982,469,1000,468,996,504,978,505,966,503,940,507,915,512,888,507,870,504
599,472,617,475,639,477,652,477,659,473,679,472,696,466,699,502,681,508,667,509,650,513,638,512,616,511,598,508
883,514,1044,509,1046,547,885,552
603,517,633,524,665,524,688,528,720,524,754,518,777,512,779,544,756,550,726,555,684,559,667,555,630,555,600,548
719,569,964,562,965,597,720,604
1276,710,1367,705,1368,735,1277,739
302,717,567,717,567,807,302,807
1236,742,1377,736,1378,762,1237,769
731,762,974,751,976,790,732,800
