247,97,755,105,754,168,246,160
727,144,771,147,769,165,726,162
235,174,583,181,582,220,234,213
600,258,910,262,909,301,599,297
967,260,1212,260,1212,297,967,297
602,295,892,293,892,337,602,340
975,300,1217,300,1217,337,975,337
1255,310,1340,310,1340,335,1255,335
604,355,962,352,962,387,605,390
604,393,1059,389,1060,421,605,425
607,428,656,427,739,426,818,424,895,426,987,423,1036,422,1037,450,987,450,896,454,818,452,739,454,657,455,608,456
1080,470,1095,469,1118,471,1146,467,1178,467,1203,467,1217,467,1217,496,1203,495,1178,496,1150,495,1119,500,1092,498,1078,498
877,472,895,472,911,474,942,470,962,468,981,468,999,468,998,503,980,503,964,503,944,505,916,508,892,507,874,507
600,475,618,476,637,477,657,477,662,474,682,474,700,468,700,502,682,508,669,507,654,511,635,511,621,510,603,509
883,513,1047,507,1048,547,885,552
609,524,774,519,776,560,610,565
719,569,964,563,965,597,720,603
1278,710,1367,705,1368,735,1280,739
302,717,545,717,545,807,302,807
1238,742,1379,734,1381,760,1240,768
730,762,977,750,979,788,732,801
