87,78,887,78,887,175,87,175
81,212,609,212,609,275,81,275
612,337,1112,337,1112,403,612,403
1212,337,1643,337,1643,403,1212,403
612,400,1081,400,1081,468,612,468
1215,406,1643,406,1643,468,1215,468
1696,418,1840,418,1840,459,1696,459
609,496,1128,496,1128,553,609,553
615,559,1050,559,1050,609,615,609
601,613,677,612,786,615,836,614,937,613,1016,612,1093,610,1092,655,1016,657,939,658,836,659,786,660,677,657,600,658
1359,640,1881,640,1881,909,1359,909
100,721,137,721,137,840,100,840
613,697,746,688,749,743,616,752
1030,694,1057,693,1081,702,1118,689,1166,688,1205,689,1232,691,1229,745,1202,743,1173,742,1121,743,1092,755,1046,746,1019,747
1034,759,1312,759,1312,818,1034,818
605,750,650,766,702,767,736,778,767,776,828,764,853,758,859,807,834,813,772,824,729,826,701,816,648,816,603,799
771,846,1371,846,1371,896,771,896
87,1025,678,1025,678,1159,87,1159
1659,1093,1812,1093,1812,1140,1659,1140
760,1128,818,1130,890,1132,954,1133,1019,1130,1085,1131,1152,1128,1152,1173,1084,1176,1020,1175,954,1178,888,1177,817,1175,759,1173
1581,1137,1828,1137,1828,1181,1581,1181
