87,77,887,73,887,171,87,176
81,212,609,212,609,275,81,275
612,337,1109,337,1109,400,612,400
1209,337,1643,337,1643,403,1209,403
612,400,1081,400,1081,468,612,468
1212,406,1643,406,1643,468,1212,468
1696,418,1840,418,1840,459,1696,459
609,496,1128,496,1128,553,609,553
612,562,1050,562,1050,609,612,609
601,613,677,612,786,615,836,614,937,613,1016,612,1093,610,1092,655,1016,657,939,658,836,659,785,660,677,657,600,658
100,718,137,718,137,840,100,840
1359,643,1878,643,1878,909,1359,909
613,697,745,688,749,743,616,752
1027,689,1056,692,1082,698,1132,689,1168,686,1200,687,1230,688,1231,745,1201,744,1171,743,1139,745,1090,755,1046,748,1017,745
1034,759,1309,759,1309,818,1034,818
609,753,647,764,693,767,733,775,766,772,828,762,854,755,862,808,835,815,773,825,726,829,692,820,644,818,607,806
771,846,1371,846,1371,896,771,896
83,1026,674,1021,675,1155,84,1159
1656,1093,1812,1093,1812,1140,1656,1140
760,1128,818,1130,887,1132,954,1133,1019,1130,1082,1131,1149,1128,1149,1173,1081,1176,1020,1175,954,1178,885,1177,817,1175,759,1173
1578,1137,1828,1137,1828,1181,1578,1181
