71,54,629,68,627,134,70,120
741,78,764,80,811,79,839,82,892,81,930,79,952,79,953,111,930,112,893,113,838,114,811,112,764,112,742,110
742,107,768,109,807,109,839,111,874,111,922,109,949,108,949,144,922,145,874,147,839,147,807,145,768,145,741,144
61,123,99,123,99,142,61,142
438,150,1038,150,1038,181,438,181
405,183,568,183,568,219,405,219
386,221,667,221,667,253,386,253
386,254,750,254,750,283,386,283
406,286,834,286,834,316,406,316
384,350,1136,350,1136,390,384,390
78,390,105,390,105,515,78,515
384,390,703,388,703,427,384,430
851,393,1136,393,1136,431,851,431
684,435,860,435,860,463,684,463
386,436,528,436,528,463,386,463
386,465,594,465,594,493,386,493
410,571,528,571,528,598,410,598
682,571,866,571,866,598,682,598
410,601,585,601,585,630,410,630
682,601,843,601,843,630,682,630
68,626,130,633,238,634,348,648,499,642,583,643,680,639,680,695,583,699,499,698,350,704,236,690,123,689,61,682
721,663,931,663,931,708,721,708
