69,54,629,68,627,134,68,121
744,80,946,80,946,114,744,114
748,110,941,110,941,146,748,146
61,123,99,123,99,142,61,142
438,151,1038,151,1038,181,438,181
405,185,568,185,568,221,405,221
384,221,665,221,665,253,384,253
384,255,748,255,748,283,384,283
406,286,834,286,834,316,406,316
382,350,1136,350,1136,390,382,390
76,391,104,391,104,515,76,515
384,390,701,390,701,429,384,429
849,393,1136,393,1136,431,849,431
384,436,528,436,528,463,384,463
684,436,858,436,858,463,684,463
384,465,592,465,592,493,384,493
410,571,528,571,528,598,410,598
680,571,866,571,866,598,680,598
410,605,583,601,583,628,410,632
680,603,841,603,841,629,680,629
70,625,676,640,674,717,68,702
720,663,930,663,930,708,720,708
