696,155,801,161,801,171,695,165
729,167,738,167,738,174,729,174
738,167,752,167,752,172,738,172
176,168,224,170,305,173,373,175,472,181,535,184,583,187,582,215,533,212,470,209,372,203,304,201,224,198,175,196
165,206,206,204,280,203,351,206,402,210,483,214,524,217,524,241,482,238,400,234,350,230,280,228,205,229,163,230
274,265,540,273,537,343,272,335
187,287,228,289,227,307,186,304
180,317,230,317,230,334,180,334
277,352,478,354,477,419,276,418
523,352,597,352,597,416,523,416
153,466,751,452,752,498,154,511
