67,65,571,65,571,121,67,121
655,103,990,103,990,142,655,142
114,166,140,164,189,161,230,160,271,168,302,164,327,165,328,201,303,200,267,204,230,196,190,197,144,199,119,202
87,200,374,203,374,222,87,220
389,223,771,221,771,260,390,261
815,239,845,234,895,232,948,227,1000,227,1051,228,1101,231,1101,264,1051,262,999,260,948,260,899,265,846,268,816,272
819,260,1100,260,1100,295,819,295
420,304,498,304,498,336,420,336
391,340,504,340,504,368,391,368
418,379,680,379,680,406,418,406
418,411,753,411,753,439,418,439
391,505,532,505,532,529,391,529
591,505,765,505,765,532,591,532
393,534,594,531,595,557,393,560
391,568,496,566,497,590,392,592
564,566,728,566,728,591,564,591
387,593,436,594,529,591,603,594,694,593,767,594,815,595,816,621,767,621,694,619,603,621,528,618,436,620,388,619
83,641,293,641,293,675,83,675
390,644,623,644,623,675,390,675
683,646,895,646,895,691,683,691
390,676,625,676,625,703,390,703
