67,65,573,65,573,119,67,119
655,101,990,101,990,140,655,140
112,162,139,161,186,160,232,159,269,165,296,162,331,164,333,201,298,199,265,202,232,196,186,197,144,198,118,199
87,201,374,201,374,220,87,220
390,220,771,220,771,260,390,260
819,226,1100,224,1101,261,819,263
819,260,1100,260,1100,295,819,295
418,302,498,302,498,334,418,334
391,338,504,338,504,366,391,366
393,379,680,379,680,406,393,406
418,409,753,409,753,436,418,436
392,500,408,503,443,506,457,507,490,507,519,504,535,502,534,525,518,526,493,529,456,530,442,528,409,526,393,523
591,505,765,505,765,530,591,530
393,530,594,530,594,557,393,557
564,564,728,564,728,591,564,591
391,566,496,566,496,589,391,589
392,593,435,594,530,592,601,595,695,592,785,595,829,595,829,619,785,619,695,616,601,619,530,616,436,618,392,617
83,639,293,639,293,673,83,673
390,644,623,644,623,673,390,673
684,644,895,644,895,689,684,689
390,676,625,676,625,703,390,703
