67,65,571,65,571,119,67,119
653,101,990,104,990,144,653,140
118,164,137,163,190,161,229,160,269,167,299,164,326,166,329,203,302,201,264,204,230,197,190,198,143,200,124,201
86,202,117,202,168,202,216,202,276,202,322,202,357,202,357,221,322,221,276,221,216,221,168,221,117,221,86,221
388,223,769,221,769,260,388,261
817,226,1100,226,1100,263,817,263
817,260,1100,260,1100,295,817,295
418,302,498,302,498,336,418,336
391,340,504,340,504,368,391,368
418,379,680,379,680,406,418,406
418,411,751,411,751,439,418,439
420,505,532,505,532,529,420,529
589,505,764,505,764,532,589,532
391,532,593,532,593,557,391,557
389,568,496,566,497,590,390,592
562,566,728,566,728,591,562,591
404,592,448,593,528,591,599,595,712,593,766,594,810,594,810,620,766,620,713,619,599,621,528,617,449,619,405,618
83,638,292,642,292,676,83,673
390,644,623,644,623,675,390,675
682,646,895,646,895,691,682,691
390,676,623,676,623,703,390,703
