65,65,571,65,571,119,65,119
653,101,990,101,990,140,653,140
118,162,137,161,186,160,230,159,268,165,296,162,323,163,325,200,298,199,263,202,230,196,186,197,143,198,124,199
85,201,374,201,374,220,85,220
388,220,769,220,769,260,388,260
819,226,1100,226,1100,261,819,261
815,264,855,262,919,259,946,259,998,258,1049,258,1103,257,1103,293,1049,294,998,294,947,295,921,295,854,298,814,300
418,302,498,302,498,334,418,334
390,338,504,338,504,366,390,366
418,379,680,379,680,406,418,406
416,410,464,409,510,408,585,408,641,409,696,409,744,410,744,437,696,436,641,436,585,435,510,435,464,436,416,437
389,507,532,503,533,527,390,531
589,505,764,505,764,530,589,530
391,530,594,530,594,557,391,557
389,566,496,564,497,589,390,591
562,564,728,564,728,591,562,591
390,593,434,594,516,592,599,595,691,592,767,595,811,595,811,619,768,619,691,616,599,619,515,616,434,618,391,618
83,638,292,642,292,674,83,671
390,644,623,644,623,673,390,673
682,644,895,644,895,689,682,689
390,676,623,676,623,703,390,703
