19,14,194,14,194,44,19,44
419,20,423,19,423,19,428,19,431,18,435,19,438,19,437,25,434,25,430,24,428,25,424,25,421,25,417,26
20,43,158,43,158,59,20,59
167,61,305,58,305,75,167,78
169,78,265,76,265,90,169,92
166,95,178,93,196,94,214,91,231,90,253,91,268,91,268,105,253,104,231,104,214,104,198,107,178,106,166,108
182,106,287,105,287,122,182,123
179,126,230,126,230,139,179,139
179,140,269,140,269,154,179,154
180,155,284,155,284,168,180,168
176,168,200,168,216,168,236,169,258,168,283,168,302,167,302,182,283,182,258,183,236,183,216,183,201,183,176,182
168,191,220,188,220,200,168,203
257,189,310,189,310,201,257,201
20,194,32,194,32,247,20,247
167,205,177,205,193,206,209,203,217,202,232,203,244,203,246,213,234,213,217,213,210,214,193,217,177,216,167,216
257,202,328,202,328,216,257,216
169,219,243,216,243,230,169,233
257,218,332,216,332,230,257,231
168,233,234,230,234,244,169,247
168,246,236,245,236,258,168,259
24,257,256,260,255,293,23,289
289,267,378,267,378,287,289,287
