19,14,194,13,194,43,19,44
418,17,437,17,437,26,418,26
20,42,157,42,157,59,20,59
166,60,304,58,304,75,167,77
168,78,265,75,265,89,168,92
20,84,28,84,28,173,20,173
167,93,177,92,196,93,214,89,230,90,252,90,266,91,266,105,253,104,230,104,214,104,198,107,176,106,166,107
181,105,287,104,287,121,181,122
179,125,230,125,230,139,179,139
168,140,268,141,268,154,168,153
168,155,283,155,283,168,168,168
176,168,193,168,214,167,234,168,260,168,282,168,302,168,302,183,282,183,260,183,234,183,214,182,193,183,176,183
168,190,219,188,220,200,168,202
257,189,310,188,311,201,257,202
20,194,31,194,31,246,20,246
168,205,244,200,245,214,168,218
256,202,327,202,327,215,256,215
167,220,177,219,195,220,202,218,218,217,233,217,245,217,244,228,232,228,218,228,203,229,195,231,176,230,166,231
257,218,331,216,332,229,257,231
168,233,233,230,234,243,168,246
167,245,235,245,235,258,167,258
24,257,256,260,255,291,24,288
288,267,377,267,377,286,288,286
