156,33,311,33,311,78,156,78
593,50,610,35,646,77,630,92
666,45,766,45,766,67,666,67
391,67,411,67,411,79,391,79
206,83,405,83,405,105,206,105
540,118,564,104,603,99,624,89,659,91,695,89,725,92,728,116,697,113,660,114,625,112,610,121,565,127,540,141
184,105,515,107,515,127,184,125
529,110,542,110,542,121,529,121
208,126,413,128,413,159,207,157
430,136,518,134,518,156,430,159
249,161,290,164,345,164,390,168,447,162,504,162,550,159,549,185,503,189,447,189,391,194,344,190,289,191,248,187
183,193,322,193,322,218,183,218
493,218,638,216,638,242,494,244
347,212,368,214,386,216,402,216,424,213,445,214,462,213,460,232,443,233,424,232,403,235,384,235,370,234,348,232
184,229,330,229,330,255,184,255
351,238,457,234,458,252,352,256
180,269,213,272,271,272,320,276,379,278,446,276,479,276,480,301,447,301,379,303,320,301,270,297,212,296,179,294
184,316,227,314,308,311,401,311,454,310,519,311,562,310,563,335,520,336,453,335,401,336,308,336,228,339,184,342
186,348,229,348,314,348,400,350,501,347,602,349,645,349,645,373,602,373,501,372,400,374,314,372,229,373,186,372
186,390,251,390,251,413,186,413
185,428,444,423,444,449,186,453
106,452,151,452,151,469,106,469
352,452,422,452,422,468,352,468
56,473,438,466,439,490,56,498
352,496,364,495,383,496,408,494,425,497,450,497,465,499,466,512,451,510,425,510,407,507,384,509,364,508,351,509
185,510,237,508,238,531,186,534
