153,31,349,31,349,76,153,76
591,49,608,33,648,76,631,92
666,44,768,44,768,66,666,66
206,82,405,82,405,103,206,103
541,82,598,82,598,102,541,102
526,116,555,103,592,100,620,87,657,88,694,87,725,91,728,118,698,114,657,115,625,114,597,127,555,130,526,143
184,103,518,106,518,127,184,124
207,126,413,126,413,157,207,157
429,132,519,132,519,156,429,156
248,159,291,163,343,162,389,168,446,162,502,163,545,160,545,185,502,188,445,187,391,193,341,187,291,189,248,184
183,191,322,191,322,218,183,218
487,215,517,216,534,216,571,216,592,215,614,215,638,215,639,242,614,242,591,241,572,243,533,242,518,243,488,242
352,214,463,214,463,233,352,233
184,229,330,229,330,255,184,255
351,237,457,233,458,251,352,254
179,270,215,270,272,270,344,269,380,276,447,273,483,278,484,305,448,300,379,303,344,296,272,298,213,297,178,298
204,314,248,312,309,309,401,311,453,310,520,311,563,310,565,335,522,335,452,335,401,335,310,333,248,337,205,339
189,346,236,347,315,346,416,348,502,345,586,347,632,346,632,372,585,373,502,371,416,374,315,372,236,373,189,373
184,387,251,387,251,411,184,411
185,427,445,423,445,448,186,453
56,451,149,449,150,468,56,470
352,450,422,450,422,467,352,467
56,471,439,466,440,491,56,495
352,492,465,494,465,510,352,508
185,507,237,505,238,531,186,534
82,517,133,517,133,530,82,530
