156,31,352,31,352,76,156,76
592,49,609,33,649,74,632,91
667,45,765,43,765,64,668,66
400,64,411,64,411,78,400,78
207,82,404,82,404,103,207,103
542,85,596,82,597,98,543,102
541,113,559,102,604,96,624,86,660,87,696,87,727,91,731,118,700,114,659,115,627,113,611,122,560,130,541,141
182,103,218,105,300,104,339,106,411,105,464,106,500,106,501,127,464,126,410,125,339,126,300,124,218,125,181,123
209,126,414,126,414,157,209,157
432,133,504,133,504,156,432,156
249,160,292,164,347,164,391,168,447,162,503,163,546,160,546,185,503,188,447,187,393,193,345,189,292,189,249,185
184,191,322,191,322,218,184,218
353,214,463,214,463,233,353,233
495,217,639,215,640,241,495,243
186,229,330,229,330,255,186,255
353,237,457,233,458,251,353,254
180,272,216,271,275,271,348,271,397,274,452,274,498,277,496,303,449,300,398,300,348,297,274,297,215,298,180,298
204,314,248,312,308,310,404,310,454,310,523,311,566,311,567,335,524,335,453,335,404,335,308,335,248,337,205,339
192,346,238,347,315,346,416,348,502,345,587,347,634,346,633,372,587,373,502,371,416,374,315,372,238,373,192,373
56,369,93,369,93,446,56,446
186,387,252,387,252,411,186,411
187,427,445,423,445,448,187,452
353,450,423,450,423,467,353,467
57,473,441,464,441,489,58,498
353,493,467,494,467,510,353,508
186,509,238,506,239,531,187,534
