155,33,350,33,350,78,155,78
593,49,610,34,648,78,631,93
668,45,769,45,769,67,668,67
378,67,419,67,419,79,378,79
207,83,404,81,405,103,208,105
541,83,599,83,599,103,541,103
542,114,558,105,604,99,625,89,659,91,694,90,730,93,733,116,697,113,660,114,626,112,611,122,558,128,543,138
184,106,217,106,288,106,327,106,382,105,437,108,470,108,470,127,437,126,382,124,327,125,288,124,216,125,183,125
207,126,414,126,414,157,207,157
432,134,505,137,504,160,431,156
247,161,294,165,345,164,391,169,449,163,503,163,550,159,550,185,503,190,448,190,393,195,344,190,293,191,247,187
184,193,322,193,322,218,184,218
495,218,639,216,640,242,495,244
347,215,370,216,392,217,402,217,424,215,443,216,466,215,465,232,442,233,424,232,404,234,391,234,371,233,348,232
186,229,330,229,330,255,186,255
352,237,457,235,457,253,352,255
180,272,216,271,271,271,346,271,382,277,447,274,483,279,484,305,448,301,382,304,346,298,270,298,215,298,179,298
184,316,227,314,309,311,404,311,454,312,525,312,569,312,570,337,527,337,453,336,404,336,310,335,228,339,185,341
187,348,230,348,314,348,415,349,480,351,603,349,646,350,646,374,603,373,481,375,415,373,314,372,230,373,187,373
95,358,120,356,123,423,98,424
55,371,112,371,112,473,55,473
187,390,252,390,252,413,187,413
187,428,445,423,445,448,187,454
106,450,151,450,151,469,106,469
352,453,360,452,373,452,387,450,399,451,412,452,425,453,425,468,412,467,397,467,386,466,373,467,360,467,352,468
56,473,439,466,440,490,56,498
59,499,85,499,85,514,59,514
349,492,369,493,385,495,411,494,427,495,452,497,466,498,466,513,452,512,426,510,410,509,386,510,369,508,349,508
186,510,238,508,239,532,188,535
