105,1,388,0,389,14,105,17
105,17,330,14,330,28,105,31
444,22,477,22,477,36,444,36
398,38,407,38,421,38,429,39,439,38,454,37,462,36,463,48,455,49,440,50,428,51,421,50,407,50,399,50
246,38,313,37,314,53,246,55
50,43,164,42,164,56,50,57
369,58,474,56,475,71,369,72
191,73,343,71,343,89,191,91
371,75,476,73,476,87,371,89
192,93,404,90,404,103,192,106
192,109,278,109,278,121,192,121
192,122,247,122,247,134,192,134
348,149,442,146,443,161,348,163
263,149,333,149,333,163,263,163
191,152,238,150,239,163,192,165
348,168,473,166,473,180,348,182
263,169,334,168,334,182,263,183
192,171,248,169,249,183,193,185
190,192,196,192,206,192,212,192,221,190,227,190,235,189,237,201,229,202,222,203,213,204,207,205,197,204,191,204
191,210,208,209,227,208,249,209,270,208,302,208,314,208,315,218,303,219,270,219,249,220,226,219,208,220,192,220
193,224,369,221,369,234,193,237
435,236,487,236,487,245,435,245
192,238,247,238,247,248,192,248
431,246,480,246,480,255,431,255
193,249,252,248,252,257,193,259
