187,42,658,42,658,85,187,85
47,82,173,82,173,103,47,103
245,84,555,84,555,108,245,108
48,101,195,102,194,113,48,112
275,130,466,130,466,155,275,155
548,133,607,133,607,152,548,152
702,149,741,166,712,237,672,221
277,167,395,167,395,191,277,191
735,177,758,182,741,265,718,260
277,192,472,192,472,216,277,216
278,224,503,224,503,244,278,244
280,246,451,246,451,265,280,265
716,310,736,312,725,417,705,415
276,321,447,321,447,345,276,345
275,351,457,351,457,373,275,373
496,356,505,358,515,360,521,360,530,360,538,359,547,357,546,369,537,371,530,372,521,372,513,372,504,370,495,368
497,371,503,371,516,374,523,373,533,373,540,372,546,372,549,384,542,385,532,385,524,385,514,386,502,383,496,383
277,381,463,381,463,402,277,402
46,399,456,404,456,438,46,433
420,432,437,432,437,442,420,442
367,433,415,436,414,446,366,443
277,435,350,435,350,453,277,453
47,440,218,440,218,481,47,481
331,465,362,463,390,461,428,460,465,462,497,461,528,462,528,480,497,479,465,480,428,478,391,479,362,480,331,483
277,462,320,462,320,478,277,478
