555,22,756,26,754,119,553,115
451,28,498,29,497,47,450,46
68,31,285,31,285,48,68,48
343,46,392,46,392,77,343,77
467,50,482,50,482,68,467,68
61,51,92,51,137,50,184,52,219,53,256,52,286,52,287,69,256,69,219,70,184,69,137,67,92,68,61,68
28,76,51,76,90,76,148,77,175,76,215,77,252,77,253,101,215,101,175,100,148,101,90,100,50,100,28,100
413,105,657,105,657,132,413,132
263,110,300,110,300,127,263,127
274,190,327,203,380,203,438,204,487,186,568,145,606,120,617,147,578,172,503,210,441,233,380,232,328,231,274,219
265,160,348,160,348,186,265,186
265,182,361,182,361,207,265,207
263,225,316,226,353,227,406,227,452,227,495,227,547,226,547,256,495,256,452,256,406,257,353,256,316,256,263,254
266,256,390,256,390,276,266,276
415,257,522,257,522,276,415,276
572,257,691,257,691,275,572,275
271,274,706,272,706,300,271,302
267,303,433,303,433,322,267,322
486,303,660,303,660,322,486,322
270,321,290,321,290,345,270,345
342,321,475,321,475,347,342,347
586,322,596,322,596,338,586,338
153,364,241,321,263,366,174,408
85,373,145,373,145,395,85,395
301,407,571,406,571,429,301,430
73,416,190,416,190,448,73,448
300,435,536,431,536,456,301,460
