447,25,456,27,465,27,472,28,482,28,491,29,500,30,497,47,488,46,480,45,473,45,463,44,455,44,446,42
411,23,755,23,755,135,411,135
64,29,91,29,132,29,168,29,207,29,256,29,287,29,287,46,256,46,208,46,168,46,132,46,91,46,64,46
343,45,392,45,392,76,343,76
467,48,482,48,482,67,467,67
64,51,92,51,138,49,184,51,219,52,256,51,283,51,284,67,256,67,219,68,184,67,138,65,92,67,64,67
25,75,51,75,107,77,134,76,173,76,215,76,250,75,250,98,215,99,174,99,134,100,106,100,50,98,25,98
263,113,271,110,274,108,280,108,289,109,292,109,300,111,303,127,295,125,286,124,282,124,274,125,268,126,260,128
270,188,327,201,380,201,437,203,488,185,568,142,609,114,620,143,579,170,505,210,440,233,380,232,328,232,271,218
263,157,362,157,362,208,263,208
270,227,545,227,545,257,270,257
266,256,390,256,390,276,266,276
415,256,522,256,522,275,415,275
572,256,691,256,691,275,572,275
271,273,706,271,706,299,271,301
267,302,433,302,433,321,267,321
484,303,510,302,545,301,569,301,608,301,630,301,663,302,664,322,630,321,607,321,569,320,545,320,511,322,485,323
271,321,290,321,290,343,271,343
342,320,475,320,475,346,342,346
586,322,596,322,596,337,586,337
146,365,244,317,266,362,167,410
83,371,145,371,145,393,83,393
301,406,571,406,571,428,301,428
75,415,190,415,190,448,75,448
299,435,324,434,372,432,408,432,450,434,509,432,535,433,536,456,510,455,450,457,407,455,374,454,324,457,298,458
