450,28,497,29,497,47,449,46
555,25,755,25,755,118,555,118
65,28,92,29,131,29,166,30,206,29,246,30,277,29,277,47,246,47,206,47,166,47,130,47,92,46,65,46
343,46,391,46,391,77,343,77
466,50,481,50,481,68,466,68
60,51,91,51,135,50,183,52,217,53,257,52,288,52,288,69,257,69,217,70,182,69,135,67,91,68,60,68
27,76,50,76,89,76,146,77,174,76,213,77,251,77,251,101,213,101,174,100,146,101,89,100,49,100,26,100
412,103,657,103,657,132,412,132
263,110,298,110,298,127,263,127
257,210,607,126,633,235,284,319
263,158,362,158,362,208,263,208
266,256,388,256,388,277,266,277
413,257,522,257,522,276,413,276
571,257,690,257,690,275,571,275
269,275,704,272,705,299,270,303
266,303,433,303,433,322,266,322
485,303,658,303,658,322,485,322
270,322,292,322,292,345,270,345
341,321,475,321,475,347,341,347
585,322,596,322,596,337,585,337
159,360,243,319,265,365,181,405
85,376,141,376,141,393,85,393
299,407,569,405,570,428,300,431
73,415,187,415,187,450,73,450
299,435,534,431,535,456,300,460
