160,165,369,165,369,194,160,194
140,188,160,188,160,196,140,196
190,198,340,198,340,216,190,216
181,222,351,222,351,240,181,240
375,224,511,224,511,240,375,240
38,226,55,226,55,299,38,299
182,249,206,244,227,240,256,241,272,240,304,241,323,241,323,257,305,257,271,257,256,257,229,257,207,261,182,265
192,266,265,266,265,283,192,283
181,283,235,283,235,298,181,298
183,299,293,299,293,313,183,313
200,312,229,313,262,313,318,314,355,313,388,313,416,313,416,328,388,329,355,328,318,329,262,329,229,328,200,327
182,340,238,337,238,352,183,355
181,351,274,351,274,367,181,367
321,354,412,354,412,367,321,367
180,370,198,368,211,369,230,365,242,365,258,366,276,367,275,383,257,382,242,381,232,382,212,385,198,384,179,386
304,403,393,399,393,416,305,420
215,402,270,402,270,416,215,416
216,416,390,416,390,433,216,433
62,418,175,418,175,445,62,445
214,438,236,438,266,438,295,438,325,438,355,438,377,438,377,449,355,449,325,449,295,449,266,449,236,449,214,449
