160,165,367,165,367,196,160,196
140,188,158,188,158,196,140,196
189,198,339,198,339,216,189,216
180,222,349,222,349,240,180,240
374,224,509,224,509,240,374,240
38,226,55,226,55,299,38,299
180,245,196,244,227,239,255,240,283,240,303,240,323,240,324,258,304,258,283,258,255,258,230,258,197,262,180,264
190,266,263,266,263,283,190,283
180,283,234,283,234,298,180,298
181,299,292,299,292,313,181,313
192,314,217,314,260,314,317,315,354,314,408,314,431,313,431,327,408,327,354,328,317,329,261,328,217,328,192,328
181,341,236,337,237,352,182,356
180,352,274,352,274,367,180,367
315,354,412,354,412,367,315,367
180,367,274,365,274,381,180,384
304,403,391,399,392,416,305,420
214,405,270,401,270,414,215,418
212,419,231,419,263,418,307,420,328,420,366,417,388,416,388,429,367,430,328,433,306,432,263,430,231,432,212,432
62,413,174,423,171,456,59,446
213,438,235,438,266,438,294,438,324,438,353,438,375,438,375,449,353,449,324,449,294,449,266,449,235,449,213,449
