487,36,831,36,831,111,487,111
889,73,976,73,976,96,889,96
921,100,947,100,947,126,921,126
585,140,872,140,872,172,585,172
425,184,596,184,596,222,425,222
697,195,745,190,778,188,835,185,882,186,947,186,976,187,976,218,947,217,882,217,836,216,779,219,745,221,696,226
483,221,518,222,599,222,645,225,733,222,779,222,818,221,818,243,779,244,733,244,645,246,599,244,518,244,483,242
468,287,516,290,604,290,671,295,795,291,853,290,900,288,900,315,853,317,796,318,670,321,604,316,517,317,469,313
438,337,601,337,601,361,438,361
763,336,783,337,810,337,839,337,874,338,902,339,927,340,928,362,902,361,874,360,838,359,810,359,783,358,763,358
659,338,703,340,702,360,658,358
766,363,921,363,921,390,766,390
659,364,686,364,686,388,659,388
438,392,571,392,571,416,438,416
761,392,777,391,796,394,808,392,820,395,842,392,854,393,855,416,844,415,822,418,806,415,795,417,776,414,760,416
660,393,734,393,734,420,660,420
660,420,726,420,726,444,660,444
438,420,459,420,459,444,438,444
768,420,817,420,817,444,768,444
421,553,647,422,690,495,463,626
51,493,102,493,172,493,283,493,349,493,465,493,516,493,516,523,465,522,349,522,284,522,172,522,102,522,50,522
44,526,360,526,360,553,44,553
39,559,75,558,140,557,202,557,266,558,312,557,359,556,359,584,312,585,266,586,202,585,140,585,74,586,38,587
