488,34,832,36,831,112,487,110
889,73,976,73,976,96,889,96
921,99,947,99,947,126,921,126
585,140,872,140,872,171,585,171
425,182,596,182,596,220,425,220
703,187,975,183,976,215,704,219
482,221,518,223,597,223,647,225,710,223,781,222,816,221,816,241,781,243,711,243,647,245,597,243,518,243,482,242
458,288,501,291,602,290,670,295,796,292,854,291,897,289,897,314,854,316,797,317,669,320,602,315,502,316,459,313
438,337,601,337,601,361,438,361
659,337,704,337,704,360,659,360
766,337,926,337,926,360,766,360
766,363,921,363,921,388,766,388
660,364,686,364,686,388,660,388
438,392,571,392,571,416,438,416
657,390,668,391,683,393,698,393,705,395,725,392,736,392,738,414,727,414,710,417,692,414,682,415,668,413,657,412
767,388,851,397,848,422,764,413
660,419,726,419,726,443,660,443
438,420,459,420,459,443,438,443
768,420,817,420,817,444,768,444
424,554,688,402,729,473,465,625
43,492,516,492,516,521,43,521
44,526,359,526,359,553,44,553
41,555,76,555,156,555,202,555,262,555,312,556,367,557,367,588,312,587,263,586,202,586,156,586,76,586,41,586
