486,36,830,36,830,111,486,111
889,75,974,75,974,96,889,96
921,100,945,100,945,126,921,126
584,142,870,142,870,172,584,172
423,184,595,184,595,222,423,222
699,197,740,193,776,190,834,188,882,188,928,187,975,187,975,215,928,215,882,215,834,216,777,218,740,221,698,225
486,224,518,225,599,226,645,227,709,225,777,224,809,223,809,241,777,243,709,243,645,245,599,244,518,243,486,242
435,292,939,292,939,319,435,319
759,339,781,339,809,337,849,340,872,339,902,339,925,338,925,359,902,360,872,360,848,360,809,358,782,359,759,359
436,339,601,339,601,361,436,361
659,339,704,339,704,361,659,361
764,364,920,364,920,390,764,390
659,366,684,366,684,390,659,390
436,393,571,393,571,417,436,417
654,391,667,392,683,394,696,394,705,395,724,392,736,391,741,415,728,416,710,419,690,417,682,418,666,416,654,415
764,393,849,393,849,420,764,420
659,420,724,420,724,444,659,444
436,420,457,420,457,444,436,444
766,422,817,422,817,444,766,444
423,556,684,402,726,473,465,627
41,494,515,494,515,523,41,523
43,528,358,528,358,553,43,553
34,557,73,557,138,557,202,558,264,557,328,558,373,558,373,587,328,587,264,586,202,587,138,586,73,586,34,585
