488,36,828,36,828,112,488,112
889,73,974,73,974,96,889,96
584,142,870,142,870,172,584,172
424,184,595,184,595,222,424,222
700,194,742,190,776,188,834,186,882,186,945,186,974,186,974,218,945,217,882,217,834,217,777,219,741,221,700,225
148,220,252,220,252,299,148,299
483,222,518,223,597,223,645,226,709,224,779,224,814,223,814,243,779,244,709,244,645,245,597,243,518,243,482,241
469,288,516,290,587,290,672,295,793,291,852,290,900,288,900,315,852,317,794,318,671,321,587,317,517,317,469,314
436,337,601,337,601,361,436,361
764,337,926,337,926,360,764,360
659,338,701,340,700,360,658,358
764,363,920,363,920,390,764,390
659,364,684,364,684,388,659,388
436,393,571,393,571,416,436,416
659,393,734,393,734,420,659,420
764,393,849,393,849,420,764,420
659,419,724,419,724,444,659,444
436,420,457,420,457,444,436,444
766,420,816,420,816,444,766,444
423,555,689,402,729,472,463,625
41,491,86,493,196,493,260,496,349,493,446,493,497,492,497,520,446,522,349,522,260,525,196,522,86,522,41,520
43,528,358,528,358,553,43,553
43,560,369,560,369,588,43,588
