128,33,271,33,271,43,128,43
134,45,151,45,173,44,201,44,228,44,251,45,268,45,268,54,251,54,228,53,201,53,173,53,151,54,134,54
131,53,146,53,171,53,194,53,217,53,248,54,264,54,264,63,248,62,217,62,194,62,171,62,146,62,131,62
108,63,308,63,308,73,108,73
155,77,265,75,265,83,155,84
154,84,170,84,192,84,223,83,243,84,261,84,281,84,281,95,261,95,243,95,223,95,192,95,169,95,154,95
202,97,225,98,225,105,202,103
232,97,270,97,270,104,232,104
236,107,280,107,280,115,236,115
159,108,185,108,185,116,159,116
286,148,303,148,303,156,286,156
256,156,282,156,282,166,256,166
295,156,313,156,313,165,295,165
79,196,135,202,133,225,77,219
285,205,336,205,336,211,285,211
