167,49,397,59,395,107,165,97
531,65,1152,68,1151,124,530,120
563,167,741,167,741,198,563,198
563,194,706,194,706,216,563,216
565,228,902,228,902,259,565,259
563,255,845,255,845,279,563,279
565,294,720,294,720,322,565,322
568,328,581,328,613,329,657,327,681,327,707,328,736,330,735,356,706,354,679,354,658,353,614,355,581,355,568,355
565,353,592,353,592,375,565,375
612,353,714,353,714,375,612,375
882,390,1031,390,1031,418,882,418
565,394,722,391,723,421,565,424
796,392,847,392,847,420,796,420
561,426,599,427,620,427,659,428,692,425,725,425,751,423,751,452,725,455,693,454,661,458,619,456,600,457,562,456
476,428,487,432,494,432,500,435,505,434,516,434,528,432,528,454,516,456,508,456,497,456,488,453,483,454,472,449
565,457,708,457,708,481,565,481
567,493,737,490,737,522,567,525
567,526,739,526,739,557,567,557
565,555,714,552,715,576,565,580
722,596,751,596,751,624,722,624
643,598,680,598,680,624,643,624
185,629,721,640,720,714,184,703
