167,49,397,59,395,107,165,97
529,64,1152,68,1151,124,528,120
563,167,741,167,741,198,563,198
563,194,706,194,706,216,563,216
565,228,902,228,902,259,565,259
563,255,845,255,845,279,563,279
565,292,720,292,720,322,565,322
563,328,581,328,611,329,656,327,681,327,705,328,734,330,733,356,704,354,680,354,656,353,612,355,581,355,563,355
565,353,590,353,590,375,565,375
612,353,712,353,712,375,612,375
881,390,1031,386,1031,416,882,420
562,391,589,392,618,392,637,392,676,390,695,391,727,393,726,422,694,420,676,419,639,421,617,421,590,421,563,421
796,392,847,392,847,420,796,420
562,427,583,428,616,426,659,428,690,425,721,424,753,420,753,450,721,454,691,454,661,458,615,455,583,457,563,457
476,431,524,436,522,460,474,455
565,459,706,457,706,480,565,482
567,493,737,490,737,522,567,525
567,526,737,526,737,557,567,557
565,553,714,553,714,577,565,577
722,596,747,596,747,622,722,622
643,598,680,598,680,624,643,624
579,600,600,600,600,624,579,624
183,629,721,640,720,714,182,703
