57,13,256,13,256,29,57,29
129,41,165,41,292,42,414,40,508,40,635,39,671,39,671,60,635,60,508,62,414,61,292,63,165,62,129,63
88,69,124,69,292,69,377,69,538,70,634,72,670,72,670,92,634,92,538,90,377,89,292,89,124,89,88,89
57,100,70,100,91,101,110,100,132,102,152,101,173,101,173,119,152,119,132,120,110,118,92,119,70,118,57,118
53,129,86,129,143,129,196,130,258,129,331,129,360,128,360,146,331,147,258,147,195,148,143,147,86,147,54,147
87,159,120,159,231,159,399,158,471,159,592,159,625,159,625,177,593,176,471,176,399,176,231,176,120,176,87,177
57,187,214,187,214,206,57,206
102,219,131,219,287,216,367,216,515,219,615,217,643,217,643,234,615,234,515,236,367,233,287,233,131,236,102,236
57,246,676,246,676,267,57,267
25,302,61,303,182,303,235,305,348,305,425,305,461,305,461,325,425,325,348,325,235,325,182,323,61,323,25,321
116,347,152,347,308,347,440,348,511,349,686,349,722,350,722,370,686,369,512,369,440,368,308,367,152,367,116,367
71,377,107,376,177,376,274,376,352,376,429,378,466,380,466,400,430,398,352,395,275,395,177,396,106,396,70,396
103,408,136,408,235,408,358,408,497,407,614,407,647,407,647,425,614,425,497,425,358,426,235,426,136,426,103,426
144,436,180,436,257,436,367,435,497,435,658,436,695,437,695,457,658,456,497,455,367,455,257,456,180,456,144,456
140,465,172,465,246,466,373,465,535,465,661,464,694,464,694,482,661,482,536,483,373,484,246,485,172,484,140,483
90,495,123,495,265,495,411,494,512,495,673,494,706,494,706,512,673,512,512,513,411,512,265,513,123,513,90,513
126,522,162,522,250,522,385,522,544,522,627,523,664,523,664,543,627,543,544,542,385,542,250,542,162,542,126,542
57,553,99,553,99,569,57,569
138,581,171,581,254,581,393,581,527,580,648,581,681,581,681,599,648,599,527,598,394,599,254,599,171,599,138,599
94,609,127,610,213,611,327,611,390,611,496,611,528,610,528,628,496,628,390,628,327,629,213,628,127,628,95,627
78,639,114,639,257,638,339,638,502,640,587,640,623,640,623,660,587,659,502,660,339,658,257,658,114,659,78,659
92,670,121,670,250,670,380,670,509,670,666,669,695,669,695,686,666,686,509,686,380,687,250,686,121,687,92,687
55,698,372,698,372,717,55,717
99,726,131,727,306,727,435,729,512,728,650,728,682,728,682,746,650,746,512,746,434,747,306,745,131,744,99,744
57,757,154,757,154,773,57,773
95,786,127,786,278,785,355,785,452,785,609,787,641,788,641,806,609,805,452,803,355,803,278,803,127,804,94,804
79,814,115,813,258,815,359,813,516,813,613,815,649,815,649,835,613,835,516,833,359,833,258,835,115,833,79,834
117,844,153,843,243,843,368,842,497,842,635,843,671,844,671,864,635,863,497,862,369,862,243,863,154,863,117,864
89,873,121,873,250,872,398,874,506,872,637,872,669,871,669,889,637,890,506,890,398,892,250,890,121,891,89,891
57,902,541,902,541,922,57,922
