50,36,273,26,275,70,52,79
306,50,460,50,460,66,306,66
77,84,134,84,134,96,77,96
196,95,374,93,374,115,196,116
385,97,533,96,533,115,386,116
263,118,367,118,367,136,263,136
386,119,535,119,535,136,386,136
182,136,189,132,200,126,215,125,224,126,235,125,240,126,240,136,235,135,224,136,214,135,201,136,194,141,187,144
215,143,328,143,328,162,215,162
213,163,320,163,320,180,213,180
214,181,371,181,371,198,214,198
214,206,401,206,401,219,214,219
198,209,205,209,205,218,198,218
214,219,370,219,370,233,214,233
351,238,453,236,454,252,352,254
486,238,537,237,537,252,487,254
195,240,205,241,217,242,232,242,248,241,261,239,268,238,269,248,262,249,249,251,232,252,217,252,205,251,195,250
198,260,358,258,358,274,198,276
198,282,296,282,296,297,198,297
318,283,421,281,421,297,319,298
478,282,538,282,538,298,478,298
445,286,460,286,460,296,445,296
53,304,77,304,169,306,242,305,295,305,386,305,410,304,410,318,386,319,295,319,242,319,169,320,77,318,52,318
484,323,537,323,537,336,484,336
