350,11,767,23,765,95,348,84
126,32,301,38,300,74,125,68
-3,42,9,42,25,42,42,43,58,43,76,41,90,40,91,67,78,68,59,70,43,70,25,69,9,70,-3,69
879,45,928,45,928,69,879,69
5,79,324,81,323,115,5,113
406,88,760,92,759,123,406,120
482,133,789,133,789,170,482,170
688,184,913,182,914,207,688,209
363,184,600,184,600,223,363,223
694,210,916,210,916,233,694,233
585,233,919,233,919,270,585,270
361,239,450,239,450,261,361,261
361,271,589,271,589,294,361,294
357,302,373,303,405,303,417,303,442,303,461,304,486,305,485,327,460,326,442,325,417,325,404,325,373,324,356,324
368,330,414,330,449,333,502,330,566,335,608,330,654,329,656,355,609,356,565,361,502,356,450,359,415,356,369,356
360,366,526,366,526,390,360,390
902,369,924,369,924,492,902,492
437,457,450,457,468,457,487,457,507,457,529,457,542,457,542,470,529,470,507,470,487,470,468,470,450,470,437,470
13,460,313,460,313,483,13,483
8,490,261,492,261,515,8,513
457,494,763,512,761,551,455,532
7,521,226,521,226,543,7,543
815,523,857,523,857,553,815,553
469,537,505,537,505,549,469,549
