352,9,767,24,764,96,349,81
127,30,301,42,299,77,124,66
1,42,87,42,87,68,1,68
880,43,928,43,928,68,880,68
6,77,324,80,323,115,5,111
406,90,759,90,759,120,406,120
482,133,789,133,789,170,482,170
688,183,913,182,914,206,688,208
363,183,600,183,600,222,363,222
694,209,916,209,916,232,694,232
585,232,919,232,919,268,585,268
359,237,370,238,388,240,403,240,417,238,438,237,453,236,453,257,439,258,420,258,403,260,386,261,370,259,359,258
361,270,589,270,589,293,361,293
358,305,383,303,397,303,418,302,442,302,461,303,486,305,485,327,460,325,442,324,417,324,397,325,383,325,357,327
356,337,394,334,448,333,501,330,567,335,609,331,652,330,653,354,610,355,566,359,501,354,449,357,395,358,357,361
360,364,526,364,526,389,360,389
902,367,924,367,924,491,902,491
435,456,543,456,543,470,435,470
730,459,767,459,767,469,730,469
13,459,313,459,313,482,13,482
8,491,261,491,261,512,8,512
457,492,763,511,761,551,454,532
7,520,226,520,226,543,7,543
815,521,858,521,858,553,815,553
476,536,507,536,507,547,476,547
