350,11,765,24,763,96,348,83
125,31,300,43,298,79,123,67
0,42,87,42,87,69,0,69
879,45,927,45,927,69,879,69
2,76,53,79,95,80,158,84,207,85,276,84,327,84,326,116,275,116,208,117,157,116,95,112,53,112,3,109
406,88,760,92,759,124,406,120
482,133,787,133,787,170,482,170
687,184,912,182,912,207,687,209
361,184,598,184,598,223,361,223
693,210,915,210,915,233,693,233
584,233,918,233,918,270,584,270
360,241,448,239,449,261,360,263
360,271,588,271,588,294,360,294
357,305,382,304,403,303,417,303,442,303,461,304,482,305,480,326,460,326,442,325,417,325,403,325,381,326,356,327
367,328,413,330,448,333,500,330,554,333,606,330,653,331,654,357,608,356,553,359,500,356,448,359,414,356,368,354
360,366,524,366,524,390,360,390
902,369,922,369,922,492,902,492
435,456,542,456,542,470,435,470
729,457,765,457,765,470,729,470
11,460,313,460,313,483,11,483
7,490,260,492,260,515,7,513
456,492,764,513,761,552,453,532
5,521,225,521,225,543,5,543
813,523,857,523,857,553,813,553
464,535,470,535,477,537,484,535,490,537,499,536,507,537,506,548,498,547,492,548,484,547,477,548,470,547,464,547
