352,11,765,25,763,96,350,81
125,31,301,34,300,72,124,69
0,40,85,38,86,68,0,70
879,43,928,43,928,68,879,68
7,76,324,79,323,117,7,114
406,88,759,88,759,120,406,120
482,133,787,133,787,170,482,170
688,184,912,182,912,206,688,208
363,183,598,183,598,222,363,222
692,211,915,208,915,233,693,236
585,232,918,232,918,268,585,268
358,238,369,239,387,241,402,240,416,238,437,237,451,235,452,256,437,258,418,258,401,261,387,261,368,260,358,259
361,269,588,270,588,295,361,293
361,303,482,303,482,325,361,325
367,329,413,330,448,332,504,330,567,334,608,330,654,328,656,354,609,356,566,360,504,356,449,358,414,356,367,355
360,364,524,364,524,389,360,389
902,367,922,367,922,491,902,491
467,392,504,392,504,406,467,406
435,454,542,454,542,469,435,469
724,459,731,456,742,456,747,454,755,456,764,456,771,457,769,470,761,469,757,469,747,468,741,469,733,470,726,472
13,460,312,460,312,482,13,482
7,491,260,491,260,512,7,512
455,494,762,512,760,549,453,531
5,521,225,521,225,543,5,543
777,523,857,523,857,553,777,553
478,536,505,536,505,547,478,547
