227,154,350,154,350,185,227,185
233,185,317,185,317,195,233,195
383,189,586,189,586,209,383,209
154,198,202,199,202,209,154,207
316,222,462,222,462,239,316,239
513,222,573,222,573,237,513,237
499,239,523,239,539,240,568,237,594,236,626,237,644,238,644,251,625,250,593,249,569,250,539,253,524,252,500,252
316,248,487,248,487,267,316,267
554,250,639,250,639,264,554,264
504,257,542,257,542,265,504,265
330,271,414,271,414,286,330,286
317,291,388,291,388,306,317,306
320,313,344,313,370,313,400,312,439,312,465,311,489,311,489,325,465,325,439,325,400,326,370,326,344,326,320,327
337,326,358,326,411,326,480,326,512,327,569,326,590,327,590,339,569,338,512,339,480,338,411,339,358,338,337,338
478,345,488,345,504,345,517,344,538,342,550,343,563,343,562,356,549,356,539,355,519,358,503,359,490,358,480,358
316,346,327,347,341,347,356,346,376,344,391,344,402,344,402,356,391,356,378,356,356,358,341,358,327,358,316,358
328,364,349,363,393,361,464,363,510,362,565,361,586,360,586,372,565,373,510,374,464,375,393,373,350,376,329,376
319,380,344,379,400,376,428,377,467,377,521,377,545,377,546,391,522,391,467,391,428,391,400,390,344,393,320,394
175,384,283,381,284,410,175,412
345,393,556,393,556,405,345,405
