136,265,170,253,212,236,274,218,302,209,358,192,388,184,396,209,366,218,310,235,281,244,220,262,180,278,146,290
264,268,275,261,288,254,302,248,316,244,331,239,340,236,344,254,335,257,323,261,309,265,295,271,278,280,267,287
265,338,298,328,347,313,406,293,456,276,503,261,540,250,547,271,510,282,463,297,413,314,354,334,305,349,272,359
269,283,280,280,306,272,324,266,339,259,357,254,368,251,376,271,365,275,346,280,331,287,313,292,287,301,276,304
379,329,396,325,411,317,421,316,435,311,455,305,464,302,469,320,460,323,441,329,426,335,417,335,401,343,384,347
67,309,105,309,105,342,67,342
320,400,339,394,382,380,423,367,475,349,501,340,537,327,543,347,507,361,482,370,430,388,388,401,346,415,327,421
275,366,292,359,306,353,321,348,342,341,364,334,374,331,380,350,371,353,349,360,327,367,312,372,300,377,282,384
283,388,381,355,388,375,290,408
358,432,380,420,408,411,427,402,453,405,470,390,499,378,515,409,486,421,463,438,434,436,421,443,387,454,365,466
360,482,620,396,627,416,366,502
340,562,347,559,369,553,379,549,396,543,411,539,428,535,431,549,415,554,400,557,383,563,373,567,351,574,344,576
