134,263,168,252,225,230,274,218,301,209,357,192,386,183,394,209,365,218,309,235,281,244,234,256,178,278,144,289
265,264,277,259,289,254,304,248,316,243,331,239,340,235,344,254,335,257,323,261,311,266,296,271,279,278,267,283
265,338,298,328,345,313,392,297,456,276,505,260,542,248,548,269,512,281,463,297,399,318,352,334,305,349,273,359
271,283,281,280,307,271,323,266,340,260,359,255,369,252,376,271,366,274,346,280,329,286,313,291,287,300,277,303
410,321,418,317,430,312,436,309,445,307,457,304,466,303,470,321,460,323,451,325,442,327,437,330,422,336,413,340
69,309,105,309,105,343,69,343
386,328,405,328,405,340,386,340
318,401,341,393,381,379,423,366,477,348,501,340,537,326,544,348,507,361,484,369,431,387,388,400,349,414,325,422
278,364,291,359,306,353,320,349,343,342,365,334,375,331,381,350,371,354,350,361,326,368,313,372,299,378,285,383
283,389,299,383,314,377,328,372,352,365,372,358,381,355,387,373,378,376,357,383,335,390,320,395,305,400,289,407
363,433,384,419,408,410,426,402,454,405,473,389,495,380,510,410,487,420,465,437,432,436,421,441,391,452,369,466
356,482,383,474,442,453,499,436,532,424,573,411,604,401,610,418,579,429,538,442,505,453,448,471,389,491,362,500
339,560,347,557,362,552,385,546,398,541,413,536,428,530,431,547,417,553,403,557,391,562,368,569,352,574,343,577
