153,47,374,47,374,103,153,103
483,79,702,79,702,109,483,109
388,128,654,126,655,155,388,157
683,134,881,132,881,156,683,158
185,136,296,136,296,172,185,172
147,147,172,147,172,268,147,268
399,153,589,153,589,177,399,177
683,153,878,153,878,177,683,177
399,183,532,183,532,209,399,209
399,209,589,209,589,234,399,234
399,256,680,256,680,279,399,279
409,276,448,276,508,276,540,276,599,276,644,275,683,275,682,296,644,297,600,297,539,297,508,297,448,297,409,297
399,309,497,309,497,326,399,326
526,309,648,309,648,326,526,326
390,328,520,328,520,345,390,345
390,360,480,360,480,377,390,377
615,360,628,360,650,363,665,362,679,363,705,362,714,362,715,380,706,380,678,381,665,380,651,381,624,378,611,377
389,383,513,381,514,399,390,402
583,390,718,390,718,415,583,415
390,406,515,406,515,423,390,423
390,429,504,429,504,447,390,447
567,436,718,436,718,471,567,471
390,453,504,453,504,471,390,471
141,459,366,459,366,520,141,520
399,496,650,496,650,513,399,513
712,497,740,497,740,513,712,513
