374,15,477,16,477,34,373,33
15,22,225,25,224,84,14,81
261,34,591,34,591,73,261,73
225,89,340,89,340,104,225,104
351,191,688,77,696,109,362,223
330,142,342,136,357,130,362,126,374,116,386,109,399,99,411,114,397,124,384,131,375,140,364,147,351,153,339,158
17,103,34,103,36,363,18,363
225,104,332,104,332,125,225,125
225,133,262,133,262,147,225,147
225,148,293,148,293,167,225,167
224,171,356,170,356,188,225,189
224,217,230,216,238,216,248,216,258,217,264,216,273,216,273,228,264,229,258,229,246,228,239,228,230,228,224,229
227,231,362,231,362,246,227,246
223,245,252,246,312,245,356,246,416,251,473,248,505,249,506,268,474,267,415,270,355,264,312,264,252,264,223,264
516,257,527,269,567,294,581,308,612,316,647,338,671,345,663,356,640,349,607,328,575,321,557,303,522,282,511,270
311,309,343,309,343,322,311,322
417,308,427,309,441,310,456,311,471,309,488,310,497,309,496,323,486,324,471,323,456,325,441,324,426,323,417,322
225,311,247,311,247,324,225,324
417,321,538,321,538,343,417,343
225,326,240,326,240,341,225,341
311,326,365,326,365,341,311,341
535,343,690,367,685,399,530,374
226,351,255,355,253,370,223,365
311,352,393,352,393,366,311,366
418,352,470,352,470,366,418,366
90,355,193,355,193,380,90,380
222,367,229,368,238,367,241,369,252,367,257,367,264,367,263,381,256,381,252,381,244,382,235,381,230,382,223,381
311,367,365,367,365,383,311,383
418,367,508,367,508,383,418,383
541,375,677,391,674,420,538,404
311,393,381,393,381,407,311,407
418,392,539,396,538,430,417,426
223,394,229,394,239,395,246,395,254,394,264,394,270,394,270,406,264,406,256,406,244,407,238,407,229,406,222,406
96,396,103,396,115,397,127,396,142,396,154,397,164,398,164,408,154,407,141,406,127,406,116,407,102,406,95,406
312,408,366,408,366,425,312,425
226,412,233,410,245,410,253,409,265,410,280,411,287,412,286,426,279,425,263,424,254,423,246,424,231,424,224,426
66,411,174,411,174,426,66,426
