374,15,477,15,477,32,374,32
14,22,225,24,224,83,13,81
261,32,591,35,591,74,260,72
225,89,340,89,340,104,225,104
348,188,687,77,696,109,359,220
8,101,59,99,70,371,18,373
225,104,332,104,332,125,225,125
225,132,262,132,262,147,225,147
225,148,293,148,293,166,225,166
225,170,357,170,357,189,225,189
226,215,272,215,272,229,226,229
227,230,362,230,362,246,227,246
221,245,252,245,311,245,365,244,432,250,473,247,508,248,509,268,474,267,431,269,364,264,312,265,252,264,221,265
516,258,526,268,565,292,582,309,613,316,639,331,660,337,653,347,632,341,609,328,577,321,556,301,522,280,512,269
225,309,246,309,246,322,225,322
311,309,343,309,343,322,311,322
417,308,539,308,539,344,417,344
311,325,365,325,365,341,311,341
225,326,240,326,240,341,225,341
534,342,689,367,684,398,529,374
419,351,470,351,470,365,419,365
225,352,254,352,254,366,225,366
311,352,392,352,392,365,311,365
91,355,193,356,193,381,91,379
418,366,508,366,508,382,418,382
225,367,263,367,263,382,225,382
311,367,365,367,365,382,311,382
541,374,677,390,673,421,538,404
226,393,267,393,267,408,226,408
311,393,381,393,381,407,311,407
417,392,538,392,538,426,417,426
96,396,104,395,118,396,127,395,143,396,154,396,164,397,164,407,154,406,142,406,127,405,119,406,102,405,94,406
225,410,233,409,247,409,253,408,265,409,278,410,286,411,285,425,278,424,264,424,254,423,248,424,231,423,223,424
312,408,366,408,366,425,312,425
66,409,174,409,174,425,66,425
