373,16,476,16,476,33,373,33
14,23,224,25,223,84,13,82
261,34,590,34,590,73,261,73
224,90,339,90,339,105,224,105
348,191,687,78,696,110,358,223
333,141,341,137,358,130,369,121,382,112,389,107,401,97,411,111,399,120,391,126,380,134,365,145,348,153,341,157
15,103,33,103,34,364,17,364
224,105,332,105,332,125,224,125
225,134,261,134,261,148,225,148
225,150,293,150,293,167,225,167
224,171,356,171,356,190,224,190
225,216,272,216,272,230,225,230
226,231,361,231,361,247,226,247
225,247,512,249,512,271,225,269
523,261,532,271,562,293,580,311,611,318,644,339,662,344,657,353,638,348,607,328,575,321,555,300,529,281,520,271
224,311,246,311,246,324,224,324
309,311,342,311,342,324,309,324
416,309,426,311,440,312,454,312,470,311,485,311,497,310,497,323,485,324,469,324,455,325,440,325,425,324,415,323
416,322,537,322,537,344,416,344
309,326,364,326,364,342,309,342
224,327,239,327,239,342,224,342
528,342,548,345,576,349,604,354,644,363,668,367,693,373,691,400,666,395,637,390,600,381,572,376,544,373,524,370
309,352,391,352,391,365,309,365
418,352,469,352,469,366,418,366
225,353,253,353,253,367,225,367
89,356,193,358,193,382,88,380
417,367,507,367,507,383,417,383
224,368,262,368,262,383,224,383
309,368,364,368,364,383,309,383
539,375,554,376,588,383,603,383,629,390,652,391,679,398,677,427,650,420,622,418,599,412,586,412,549,405,534,404
222,394,229,394,239,395,246,394,254,394,261,395,268,395,269,409,262,408,257,407,243,407,238,408,229,408,222,408
309,394,381,394,381,408,309,408
416,393,537,393,537,427,416,427
96,397,108,397,114,398,130,395,142,397,154,397,164,399,164,410,154,408,141,408,131,406,115,409,106,408,94,408
223,413,232,411,246,412,252,410,265,411,279,412,285,413,284,426,278,425,263,424,253,422,246,424,230,423,221,425
309,409,365,409,365,426,309,426
65,411,172,411,172,426,65,426
