373,16,476,16,476,33,373,33
13,22,223,25,222,85,12,82
261,34,590,34,590,73,261,73
222,93,239,91,260,91,276,90,305,90,319,91,338,93,338,105,319,103,304,102,276,102,260,103,239,103,222,104
337,193,687,78,696,109,347,225
15,103,33,103,36,376,17,376
329,147,341,137,358,130,363,124,376,115,394,104,402,99,410,113,403,118,385,129,374,137,365,145,350,152,337,161
224,104,331,104,331,125,224,125
225,133,259,133,259,146,225,146
225,148,293,150,293,167,224,166
224,171,355,171,355,189,224,189
225,215,271,215,271,228,225,228
226,231,361,231,361,246,226,246
222,247,252,247,309,247,364,247,416,253,474,249,504,250,505,267,475,266,416,270,363,264,309,264,252,264,222,264
508,259,518,268,558,286,581,310,612,317,645,338,666,345,659,355,638,349,608,328,575,321,549,295,515,280,505,271
225,311,246,311,246,324,225,324
310,310,343,311,342,324,309,322
416,309,426,310,439,311,460,312,469,310,486,311,496,310,496,323,486,324,468,323,460,325,440,324,425,323,416,322
416,324,537,322,537,343,416,345
224,326,239,326,239,341,224,341
309,326,364,326,364,341,309,341
528,342,549,344,577,348,604,353,644,362,671,366,691,371,690,400,669,396,636,391,600,382,572,377,545,374,524,371
47,363,66,356,70,367,51,374
309,352,391,352,391,365,309,365
418,352,469,352,469,366,418,366
225,353,253,353,253,367,225,367
90,358,193,360,193,381,90,379
309,367,364,367,364,383,309,383
417,367,507,367,507,383,417,383
224,368,262,368,262,383,224,383
548,382,674,382,674,412,548,412
309,393,380,393,380,406,309,406
223,394,229,394,238,395,246,395,254,395,263,395,269,396,269,408,263,407,257,406,243,407,237,407,229,406,223,406
417,393,538,398,536,431,415,426
95,398,103,397,117,398,127,396,142,398,153,398,163,399,163,407,153,406,141,406,127,405,118,406,102,406,94,407
225,409,284,409,284,424,225,424
311,409,365,409,365,425,311,425
65,411,172,411,172,425,65,425
