815,34,946,34,946,62,815,62
56,44,335,55,333,114,54,103
496,85,801,85,801,118,496,118
476,156,835,153,836,185,476,189
507,187,754,187,754,220,507,220
362,224,587,224,587,251,362,251
704,226,940,224,940,251,704,253
359,251,542,251,542,282,359,282
359,282,912,282,912,315,359,315
359,312,560,312,560,335,359,335
359,335,564,335,564,360,359,360
359,360,593,360,593,385,359,385
357,385,498,385,498,414,357,414
50,414,67,414,67,506,50,506
732,422,759,417,771,415,805,412,833,412,867,411,879,411,876,436,864,436,833,437,805,437,774,439,758,441,731,446
450,416,466,417,489,415,505,416,518,417,543,413,554,413,556,434,544,435,520,439,505,438,490,437,467,439,451,438
700,451,859,443,860,469,702,478
451,452,469,452,508,454,540,449,571,448,589,448,615,450,620,469,593,468,570,468,542,469,509,474,469,472,451,472
702,489,895,487,895,513,703,516
371,490,531,490,531,517,371,517
50,512,725,519,724,585,49,578
775,528,950,528,950,550,775,550
373,557,923,557,923,582,373,582
