809,35,826,35,851,35,874,35,898,36,933,36,945,36,945,61,932,61,899,61,874,60,850,60,825,60,808,60
62,52,334,54,334,110,62,108
495,85,800,85,800,118,495,118
474,156,834,153,834,185,475,189
506,187,754,187,754,220,506,220
360,225,585,225,585,251,360,251
704,226,940,224,940,251,704,253
357,251,540,251,540,282,357,282
357,282,910,281,911,315,357,317
357,312,560,312,560,335,357,335
357,335,562,335,562,360,357,360
357,360,592,360,592,385,357,385
357,387,498,387,498,414,357,414
728,425,759,417,770,415,803,412,831,412,854,411,876,411,874,436,852,436,832,437,803,437,774,439,758,442,726,449
46,434,63,433,66,506,49,506
448,417,466,418,488,416,503,417,517,418,543,414,553,414,555,433,545,434,518,438,504,437,488,435,467,437,448,436
699,451,857,443,858,469,700,478
450,453,468,452,508,455,538,449,571,449,587,448,614,449,618,469,592,468,570,470,541,469,509,475,468,472,449,474
701,487,893,487,893,514,701,514
370,490,529,490,529,517,370,517
48,512,723,519,722,585,48,578
773,528,950,528,950,550,773,550
371,557,921,557,921,582,371,582
