812,32,945,32,945,60,812,60
90,51,333,53,332,108,90,106
495,84,800,84,800,117,495,117
93,101,173,101,173,132,93,132
474,154,834,152,834,185,475,187
507,188,754,186,754,218,507,220
713,224,940,222,940,249,714,252
360,225,585,223,586,249,360,252
357,249,540,249,540,281,357,281
357,281,910,281,910,314,357,314
357,310,560,310,560,335,357,335
357,335,562,335,562,359,357,359
357,360,592,360,592,384,357,384
357,385,496,385,496,412,357,412
730,420,759,415,770,413,803,410,832,409,865,410,879,411,876,437,863,436,833,435,803,436,774,439,758,441,728,446
48,415,65,415,65,504,48,504
450,417,555,411,557,435,452,441
699,447,717,447,752,450,779,447,801,443,843,443,861,441,861,465,844,468,802,468,781,472,752,475,716,472,699,471
449,449,466,449,505,452,538,446,571,445,588,447,616,449,621,472,593,470,570,469,541,470,505,476,466,473,449,473
701,488,893,486,894,512,701,515
370,490,529,490,529,515,370,515
48,510,723,517,722,583,48,576
773,528,950,528,950,548,773,548
371,556,921,556,921,581,371,581
