677,54,867,54,867,84,677,84
58,63,547,59,547,115,59,119
636,87,916,87,916,117,636,117
360,162,738,159,738,194,361,196
46,168,67,168,67,323,46,323
883,169,979,169,979,192,883,192
247,187,258,187,258,206,247,206
361,202,514,202,514,232,361,232
246,212,254,212,261,212,272,212,285,212,295,211,306,210,303,225,292,226,285,227,272,227,265,227,252,227,244,227
359,234,494,234,494,263,359,263
359,302,636,299,636,334,359,337
730,302,997,300,997,332,730,335
361,342,700,342,700,370,361,370
380,370,756,370,756,397,380,397
435,426,452,427,477,427,493,427,510,427,540,425,552,425,553,448,541,448,512,450,493,450,477,450,453,450,436,449
682,425,850,425,850,450,682,450
437,455,616,450,617,477,438,481
682,453,862,453,862,478,682,478
244,478,360,483,358,519,242,515
682,481,858,481,858,507,682,507
62,482,113,482,113,515,62,515
436,484,657,484,657,507,436,507
509,511,595,511,595,535,509,535
682,511,997,513,997,545,682,543
59,520,108,520,108,534,59,534
308,520,351,520,351,534,308,534
60,580,814,548,816,605,63,637
843,609,867,609,896,609,918,609,950,609,979,609,1002,609,1002,628,979,628,949,628,919,628,896,628,866,628,843,628
