675,54,867,54,867,84,675,84
59,60,545,58,545,115,59,117
629,86,672,86,727,86,782,86,815,84,880,84,916,82,917,114,880,116,814,116,782,118,728,118,672,118,629,118
361,161,738,161,738,194,361,194
46,166,68,166,66,321,44,321
881,169,977,169,977,191,881,191
361,201,512,201,512,230,361,230
246,213,253,213,260,213,273,211,286,211,295,212,305,214,302,228,292,226,284,225,275,225,262,227,250,226,243,227
361,234,492,234,492,262,361,262
359,300,636,300,636,332,359,332
730,300,997,300,997,332,730,332
361,341,700,341,700,369,361,369
380,369,756,369,756,395,380,395
680,425,850,422,850,448,680,451
436,426,545,426,545,448,436,448
435,456,452,455,497,451,517,452,562,451,588,451,614,451,618,475,592,475,562,475,519,476,497,475,453,479,437,479
676,454,698,454,746,453,765,454,801,451,839,452,865,452,864,475,838,476,801,474,766,477,745,477,699,478,677,477
680,479,857,479,857,506,680,506
244,478,358,483,356,518,242,513
62,481,113,481,113,515,62,515
436,484,657,484,657,507,436,507
507,511,595,511,595,535,507,535
680,507,996,511,995,545,680,542
59,518,107,520,106,533,58,531
308,517,350,520,349,533,307,530
180,576,305,573,306,617,181,620
62,580,159,580,159,636,62,636
369,581,815,581,815,604,369,604
844,608,1000,608,1000,629,844,629
