63,67,459,67,459,108,63,108
1002,71,1068,71,1068,100,1002,100
578,70,1073,80,1071,172,576,162
122,115,401,115,401,163,122,163
992,207,1141,198,1143,239,994,247
459,202,865,202,865,241,459,241
471,279,534,289,657,288,822,298,870,292,1009,240,1087,210,1097,256,1019,286,885,336,817,344,656,334,534,335,472,325
479,248,660,248,660,289,479,289
475,383,856,383,856,416,475,416
499,416,813,416,813,451,499,451
942,580,972,597,1054,617,1099,628,1122,629,1167,602,1218,577,1242,610,1190,635,1132,668,1093,668,1037,653,977,637,947,620
704,625,922,625,922,658,704,658
466,625,592,625,592,656,466,656
466,666,891,666,891,701,466,701
78,678,168,691,287,707,362,710,481,700,575,696,653,683,654,742,576,754,483,759,362,769,285,766,171,749,82,737
823,708,1113,708,1113,743,823,743
1196,747,1275,747,1275,771,1196,771
474,753,791,749,791,788,475,792
823,752,1146,750,1146,788,823,791
146,789,381,789,381,837,146,837
462,797,677,797,677,832,462,832
836,804,1194,804,1194,832,836,832
