57,67,110,67,188,66,269,67,321,65,386,66,456,65,455,106,385,107,320,105,269,107,189,107,110,107,57,108
1000,69,1068,69,1068,98,1000,98
577,71,1070,75,1070,166,577,163
122,115,401,115,401,161,122,161
991,210,1140,195,1144,236,995,251
459,200,865,200,865,241,459,241
466,281,534,288,681,289,798,288,917,275,1008,241,1080,213,1089,256,1017,284,931,317,795,332,681,333,534,332,467,325
477,246,660,246,660,287,477,287
475,381,856,381,856,414,475,414
499,412,811,416,810,453,498,449
952,578,980,596,1056,617,1100,630,1123,630,1166,606,1213,584,1235,614,1187,637,1134,666,1095,667,1041,651,983,633,955,615
704,623,922,623,922,658,704,658
465,629,592,624,593,653,466,658
466,666,889,666,889,699,466,699
80,676,165,693,280,713,372,718,481,705,575,700,651,685,652,734,576,750,483,754,373,768,275,762,169,742,84,725
821,708,1113,708,1113,743,821,743
1196,745,1275,745,1275,769,1196,769
475,751,789,751,789,789,475,789
823,751,1146,751,1146,789,823,789
146,786,381,786,381,834,146,834
461,799,675,796,676,830,462,833
837,804,1194,804,1194,832,837,832
