55,68,108,68,193,68,270,67,319,66,417,67,462,66,461,107,416,108,318,107,271,108,193,109,108,109,55,109
1000,71,1068,71,1068,100,1000,100
577,71,1071,77,1069,169,576,163
122,115,401,115,401,163,122,163
994,205,1141,197,1143,239,996,247
459,202,865,202,865,241,459,241
468,283,536,290,683,289,772,290,871,293,1014,242,1088,225,1097,268,1023,285,884,335,768,334,683,333,537,334,469,327
494,248,660,248,660,289,494,289
475,383,856,383,856,416,475,416
499,416,810,416,810,451,499,451
952,584,977,599,1035,609,1093,632,1123,633,1164,611,1215,588,1235,616,1184,639,1132,666,1088,666,1021,641,981,634,956,618
704,623,922,623,922,658,704,658
466,625,592,625,592,656,466,656
466,666,889,666,889,701,466,701
74,679,170,692,288,710,362,711,481,702,573,697,647,685,648,741,574,753,483,757,362,767,285,766,173,748,77,734
823,708,1113,708,1113,743,823,743
1196,747,1275,747,1275,771,1196,771
474,753,788,749,789,788,475,792
823,752,1146,750,1146,788,823,791
146,789,381,789,381,837,146,837
462,797,675,797,675,832,462,832
836,804,1194,804,1194,832,836,832
