57,68,110,66,188,67,268,65,321,64,414,65,459,64,459,105,414,106,321,105,269,106,188,108,110,107,57,109
1000,69,1065,69,1065,98,1000,98
578,70,1071,80,1069,172,576,162
122,115,401,115,401,161,122,161
993,210,1140,195,1144,236,997,251
459,200,865,200,865,241,459,241
490,280,566,288,654,289,798,288,870,291,1010,240,1083,222,1092,265,1019,283,884,333,795,332,654,333,567,332,491,324
494,246,660,246,660,287,494,287
472,381,856,381,856,416,472,416
495,410,533,413,585,413,648,418,698,413,762,414,814,409,815,442,763,447,698,445,648,451,585,445,533,445,495,442
955,579,976,596,1045,608,1071,625,1118,630,1166,604,1213,587,1236,617,1188,634,1126,666,1064,662,1031,642,982,633,962,616
704,623,930,623,930,664,704,664
465,630,592,624,593,653,466,659
464,666,889,666,889,701,464,701
78,693,137,697,276,712,359,711,472,703,577,698,647,687,648,740,578,750,474,755,359,763,272,765,142,750,83,746
821,708,1113,708,1113,743,821,743
1194,745,1275,745,1275,769,1194,769
475,751,789,751,789,789,475,789
823,751,1144,751,1144,789,823,789
146,786,379,786,379,834,146,834
461,799,675,795,676,830,462,834
837,804,1192,804,1192,832,837,832
