547,29,578,29,578,49,547,49
199,35,220,36,218,93,198,93
34,35,186,35,186,97,34,97
318,60,498,60,498,81,318,81
226,108,380,108,380,131,226,131
246,139,328,139,328,159,246,159
245,168,254,167,270,167,281,167,288,168,302,167,312,168,311,187,301,186,289,186,281,185,270,186,253,186,243,186
245,194,439,194,439,230,245,230
224,253,374,251,374,269,225,271
400,253,560,253,560,270,400,270
226,281,272,281,272,292,226,292
312,281,318,281,325,281,339,280,344,281,352,281,359,283,359,295,353,294,343,293,337,292,327,294,317,293,311,294
422,281,428,281,430,280,436,281,440,282,446,281,452,280,452,292,446,292,442,294,436,293,430,292,426,292,420,292
487,282,495,282,505,281,515,281,525,283,538,281,545,281,546,291,539,292,524,293,514,292,506,291,494,292,486,293
249,295,260,295,260,308,249,308
336,294,390,294,390,312,336,312
423,293,480,293,480,312,423,312
512,295,556,295,556,312,512,312
236,321,274,321,274,335,236,335
315,322,363,322,363,335,315,335
400,322,456,322,456,336,400,336
528,330,646,330,646,352,528,352
335,336,396,336,396,354,335,354
237,338,254,338,254,353,237,353
424,338,439,338,439,354,424,354
31,366,361,366,361,401,31,401
423,377,530,377,530,396,423,396
