547,29,578,29,578,49,547,49
199,35,221,36,218,94,196,92
34,35,186,35,186,94,34,94
318,60,497,60,497,80,318,80
225,108,380,108,380,130,225,130
245,139,328,139,328,158,245,158
249,168,311,168,311,185,249,185
247,196,395,196,395,213,247,213
246,211,437,210,437,228,246,229
224,252,374,252,374,269,224,269
400,253,560,251,560,269,400,271
226,280,273,280,273,292,226,292
313,280,362,280,362,294,313,294
400,281,406,281,417,280,427,279,434,281,445,280,451,281,453,292,447,292,433,292,426,291,419,291,406,292,400,293
487,281,495,281,504,280,515,280,526,282,539,281,544,282,545,292,540,292,524,292,514,291,505,291,494,291,486,292
336,293,390,293,390,311,336,311
424,294,479,294,479,311,424,311
511,294,555,294,555,311,511,311
247,295,261,295,261,310,247,310
630,295,655,295,655,314,630,314
225,321,273,321,273,335,225,335
321,322,363,322,363,334,321,334
399,322,406,322,415,321,426,322,437,322,445,322,455,323,455,335,446,335,436,334,425,334,416,334,404,334,398,334
528,330,646,330,646,352,528,352
333,336,342,335,357,335,364,334,373,335,387,334,396,334,396,354,387,354,375,354,363,354,355,354,343,355,334,355
237,337,253,337,253,353,237,353
424,338,439,338,439,353,424,353
32,365,361,365,361,401,32,401
424,378,530,378,530,395,424,395
