35,31,618,24,619,66,36,73
571,65,584,61,612,52,633,52,650,55,679,66,695,74,686,90,671,82,646,72,633,70,615,70,589,78,576,83
545,82,647,77,648,102,546,107
281,102,765,102,765,132,281,132
40,111,57,111,57,194,40,194
283,146,395,146,395,166,283,166
282,171,355,171,355,191,282,191
13,223,43,223,43,310,13,310
282,226,523,226,523,247,282,247
291,247,317,246,343,245,385,246,417,246,443,246,464,246,465,269,444,269,417,269,385,269,343,268,317,269,291,269
450,282,517,282,517,301,450,301
283,283,343,283,343,301,283,301
469,293,761,293,761,338,469,338
305,301,406,301,406,320,305,320
283,337,443,337,443,354,283,354
472,337,554,337,554,354,472,354
391,357,399,357,411,355,421,357,429,357,437,354,445,351,451,366,443,369,431,373,422,373,410,371,400,373,391,373
307,357,326,357,326,375,307,375
496,357,541,357,541,375,496,375
282,387,418,387,418,405,282,405
35,413,264,410,265,465,36,468
283,413,448,413,448,431,283,431
293,448,506,448,506,466,293,466
