34,32,618,23,619,65,35,74
569,62,591,57,613,52,631,52,652,54,678,64,695,72,687,90,669,82,646,72,632,71,616,71,598,75,576,81
530,83,647,77,648,102,531,107
281,104,764,102,765,131,281,133
40,111,57,111,57,195,40,195
283,146,395,146,395,166,283,166
282,171,355,171,355,191,282,191
282,226,523,226,523,247,282,247
15,226,41,226,41,310,15,310
291,247,317,246,343,245,385,246,405,246,443,246,469,246,469,269,443,269,405,269,385,269,343,268,317,269,291,269
450,282,517,282,517,301,450,301
283,283,343,283,343,301,283,301
469,297,760,292,761,338,470,342
305,302,406,302,406,320,305,320
283,337,443,337,443,354,283,354
472,337,554,337,554,354,472,354
391,356,399,357,414,356,421,357,431,357,437,354,445,351,451,366,443,369,432,373,422,373,412,372,400,373,392,372
307,357,325,357,325,373,307,373
496,357,541,357,541,375,496,375
282,387,418,387,418,405,282,405
35,413,264,410,265,465,36,468
283,413,448,413,448,431,283,431
293,448,506,448,506,466,293,466
