491,228,805,210,808,262,494,280
1182,231,1240,231,1240,260,1182,260
863,236,1123,236,1123,265,863,265
771,328,786,329,805,329,824,330,836,330,858,331,869,331,864,351,852,351,838,351,825,351,807,350,784,350,769,349
974,337,1211,337,1211,366,974,366
778,355,897,355,897,377,778,377
998,369,1208,369,1208,398,998,398
778,379,855,379,855,398,778,398
775,406,889,406,889,432,775,432
775,435,876,435,876,462,775,462
778,464,900,464,900,486,778,486
775,483,966,483,966,504,775,504
759,523,1216,523,1216,555,759,555
751,563,852,563,852,581,751,581
903,560,1245,560,1245,589,903,589
751,584,1030,584,1030,605,751,605
751,605,892,605,892,626,751,626
1068,609,1089,608,1124,608,1151,607,1185,608,1227,608,1248,609,1248,648,1227,648,1185,648,1151,646,1125,648,1088,648,1067,649
549,648,573,639,590,636,614,631,636,634,658,636,679,642,681,660,660,655,634,653,615,650,592,655,572,658,548,666
780,637,852,637,852,658,780,658
765,669,1006,669,1006,695,765,695
