193,151,2843,151,2843,514,193,514
145,562,1149,562,1149,689,145,689
2758,665,3696,665,3696,804,2758,804
176,758,286,762,274,1090,164,1086
3018,798,3781,798,3781,937,3018,937
2746,871,2952,871,2952,931,2746,931
2745,946,3696,938,3697,1076,2746,1084
175,1016,211,1016,211,1125,175,1125
1203,1107,1621,1107,1621,1216,1203,1216
1197,1246,2347,1246,2347,1361,1197,1361
1203,1415,1827,1415,1827,1500,1203,1500
3727,1530,3786,1527,3799,1771,3739,1774
1197,1536,2081,1536,2081,1627,1197,1627
1191,1954,1839,1954,1839,2050,1191,2050
3085,1960,3484,1960,3484,2044,3085,2044
242,2069,774,2069,774,2190,242,2190
1167,2067,1272,2072,1439,2066,1583,2077,1697,2080,1875,2063,1980,2055,1982,2146,1877,2154,1706,2171,1580,2168,1436,2157,1279,2163,1173,2158
2061,2089,2101,2089,2168,2085,2237,2084,2313,2076,2414,2076,2468,2074,2472,2150,2417,2152,2313,2152,2246,2159,2170,2161,2106,2164,2066,2165
1185,2186,1263,2185,1405,2185,1566,2182,1651,2188,1778,2188,1874,2194,1876,2276,1780,2270,1655,2270,1560,2264,1409,2267,1263,2267,1185,2269
1966,2250,2220,2250,2220,2365,1966,2365
405,2250,853,2250,853,2347,405,2347
