227,154,350,154,350,185,227,185
233,185,319,185,319,195,233,195
383,189,586,189,586,209,383,209
154,198,202,199,202,209,154,207
316,222,462,222,462,239,316,239
513,222,573,222,573,237,513,237
499,239,523,239,539,240,568,237,594,236,626,237,644,238,644,251,625,250,593,249,569,250,539,253,524,252,500,252
316,248,487,248,487,267,316,267
554,250,639,250,639,264,554,264
503,257,542,257,542,265,503,265
319,271,414,271,414,286,319,286
317,291,388,291,388,306,317,306
317,313,335,313,370,312,400,312,432,312,465,311,489,311,489,325,465,325,432,325,400,326,370,326,335,326,317,326
337,326,358,326,411,326,480,326,512,327,568,326,589,327,589,339,568,338,512,339,480,338,411,339,358,338,337,338
479,346,488,346,504,345,519,346,538,343,550,344,563,343,563,355,549,355,539,355,520,358,504,357,489,358,481,357
316,346,327,347,341,347,356,346,376,344,391,344,402,344,402,356,391,356,378,356,356,358,341,358,327,358,316,358
328,364,349,363,393,361,464,363,510,362,565,361,586,360,586,372,565,373,510,374,464,375,393,373,350,376,329,376
326,379,351,379,400,376,428,377,467,377,521,377,545,377,546,391,522,391,467,391,428,391,400,390,351,393,327,393
174,389,187,389,205,392,230,387,250,383,267,383,288,379,285,393,264,397,253,397,232,401,206,406,185,403,173,403
345,393,555,393,555,405,345,405
