57,68,110,66,188,67,268,65,323,64,417,65,461,64,461,105,416,106,323,105,269,106,188,108,110,107,57,109
1000,69,1065,69,1065,98,1000,98
575,71,1070,76,1070,167,574,163
122,115,401,115,401,161,122,161
991,210,1140,195,1144,236,995,251
459,200,865,200,865,241,459,241
474,281,536,288,654,288,798,287,870,290,1010,238,1088,219,1098,264,1019,284,885,334,794,334,654,335,536,334,474,328
494,246,660,246,660,287,494,287
472,381,856,381,856,416,472,416
495,410,533,413,585,413,648,418,698,413,762,414,814,409,815,442,763,447,698,445,648,451,585,445,533,445,495,442
948,574,976,596,1039,608,1071,625,1119,630,1166,604,1213,587,1236,617,1188,634,1126,666,1064,662,1025,643,982,633,954,611
704,623,930,623,930,664,704,664
465,630,592,624,593,653,466,659
464,666,889,666,889,701,464,701
76,690,137,700,277,715,364,723,472,706,577,701,648,684,650,730,578,747,473,752,366,769,271,762,141,746,80,737
821,708,1113,708,1113,743,821,743
1194,745,1275,745,1275,769,1194,769
475,751,789,751,789,789,475,789
823,751,1144,751,1144,789,823,789
146,786,379,786,379,834,146,834
461,799,675,795,676,830,462,834
837,804,1192,804,1192,832,837,832
